  0.00000135
  0.00004697
  0.00000383
  0.00001149
  0.00002682
  0.00002629
  0.00000220
  0.00000194
  0.00003077
  0.00001132
  0.00001451
  0.00000062
  0.00000117
  0.00001734
  0.00000776
  0.00000505
  0.00000109
  0.00000030
  0.00000264
  0.00000403
  0.00000346
  0.00000490
  0.00000011
  0.00000629
  0.00001275
  0.00000319
  0.00000090
  0.00000012
  0.00000081
  0.00004466
  0.00000081
  0.00000013
  0.00000032
  0.00000084
  0.00000105
  0.00000044
  0.00001346
  0.00000025
  0.00000050
  0.00000026
  0.00002050
  0.00000050
  0.00000086
  0.00000062
  0.00000025
  0.00000029
  0.00000043
  0.00000077
  0.00000045
  0.00004141
  0.00000626
  0.00000661
  0.00000117
  0.00004094
  0.00000938
  0.00000036
  0.00000019
  0.00000018
  0.00000029
  0.00000033
  0.00000039
  0.00000019
  0.00000056
  0.00000062
  0.00001353
  0.00000071
  0.00000234
  0.00000523
  0.00004100
  0.00000044
  0.00000032
  0.00000011
  0.00001251
  0.00000119
  0.00000032
  0.00000045
  0.00000046
  0.00000025
  0.00000035
  0.00000040
  0.00000048
  0.00000048
  0.00000029
  0.00000682
  0.00000076
  0.00000048
  0.00000012
  0.00000017
  0.00000944
  0.00000037
  0.00000041
  0.00000015
  0.00000021
  0.00000032
  0.00000050
  0.00000040
  0.00000048
  0.00000052
  0.00000012
  0.00000125
  0.00000048
  0.00000028
  0.00000309
  0.00000037
  0.00000165
  0.00000339
  0.00000017
  0.00000067
  0.00000029
  0.00000089
  0.00000038
  0.00000031
  0.00000896
  0.00000032
  0.00000025
  0.00000017
  0.00000017
  0.00000044
  0.00000029
  0.00000022
  0.00000026
  0.00000042
  0.00000026
  0.00000046
  0.00004135
  0.00000064
  0.00000098
  0.00000058
  0.00000052
  0.00000097
  0.00001116
  0.00000068
  0.00000126
  0.00000073
  0.00000038
  0.00000268
  0.00000062
  0.00000014
  0.00000943
  0.00000113
  0.00000071
  0.00000026
  0.00000077
  0.00000068
  0.00000029
  0.00000071
  0.00000049
  0.00000079
  0.00000058
  0.00000053
  0.00000024
  0.00000032
  0.00000442
  0.00000097
  0.00000039
  0.00000924
  0.00000016
  0.00000019
  0.00000050
  0.00000020
  0.00000030
  0.00000019
  0.00003215
  0.00000120
  0.00000142
  0.00000058
  0.00000050
  0.00000080
  0.00000034
  0.00000037
  0.00001046
  0.00000041
  0.00000050
  0.00000110
  0.00000040
  0.00000033
  0.00000046
  0.00000141
  0.00000066
  0.00000039
  0.00000107
  0.00000023
  0.00000152
  0.00000050
  0.00000036
  0.00000026
  0.00000045
  0.00000042
  0.00000034
  0.00000034
  0.00000076
  0.00000743
  0.00000021
  0.00000033
  0.00000038
  0.00000060
  0.00000060
  0.00000035
  0.00000025
  0.00000205
  0.00000053
  0.00000054
  0.00000034
  0.00000055
  0.00000029
  0.00000041
  0.00000039
  0.00000030
  0.00000027
  0.00000030
  0.00000021
  0.00000064
  0.00000035
  0.00000013
  0.00000299
  0.00000165
  0.00000009
  0.00000163
  0.00000055
  0.00000353
  0.00000076
  0.00000091
  0.00000019
  0.00000064
  0.00000041
  0.00000059
  0.00000027
  0.00000021
  0.00000031
  0.00000042
  0.00001181
  0.00000042
  0.00000016
  0.00000049
  0.00000735
  0.00000035
  0.00000068
  0.00000028
  0.00000087
  0.00000058
  0.00000054
  0.00000083
  0.00000033
  0.00000022
  0.00000031
  0.00000037
  0.00000131
  0.00000056
  0.00000034
  0.00000064
  0.00000059
  0.00000019
  0.00000042
  0.00000018
  0.00000034
  0.00000033
  0.00000027
  0.00000020
  0.00000029
  0.00000026
  0.00000047
  0.00000012
  0.00000037
  0.00000035
  0.00000023
  0.00000033
  0.00000042
  0.00000025
  0.00000052
  0.00000026
  0.00000029
  0.00000026
  0.00000027
  0.00000012
  0.00000015
  0.00000082
  0.00000025
  0.00000041
  0.00000019
  0.00000065
  0.00000188
  0.00000032
  0.00000186
  0.00000041
  0.00000047
  0.00001407
  0.00000036
  0.00000023
  0.00000054
  0.00000460
  0.00000360
  0.00000095
  0.00000031
  0.00000056
  0.00000055
  0.00000046
  0.00000058
  0.00000035
  0.00000061
  0.00000019
  0.00000014
  0.00000054
  0.00000030
  0.00000046
  0.00000173
  0.00000040
  0.00000015
  0.00000014
  0.00000963
  0.00000050
  0.00000024
  0.00000017
  0.00000972
  0.00000081
  0.00000089
  0.00000032
  0.00000069
  0.00000019
  0.00000046
  0.00000048
  0.00000061
  0.00000179
  0.00000043
  0.00000022
  0.00000175
  0.00000168
  0.00000030
  0.00000020
  0.00000619
  0.00000031
  0.00000074
  0.00000066
  0.00000046
  0.00000055
  0.00000028
  0.00004078
  0.00000314
  0.00000162
  0.00000045
  0.00000073
  0.00000040
  0.00000037
  0.00000057
  0.00000300
  0.00000029
  0.00000285
  0.00000025
  0.00000019
  0.00000774
  0.00000058
  0.00000057
  0.00000055
  0.00000050
  0.00000012
  0.00000028
  0.00000033
  0.00000023
  0.00000055
  0.00001458
  0.00000163
  0.00000105
  0.00000084
  0.00000095
  0.00000054
  0.00000083
  0.00000915
  0.00000181
  0.00000120
  0.00000041
  0.00000025
  0.00000014
  0.00000049
  0.00000023
  0.00000297
  0.00000029
  0.00000175
  0.00000033
  0.00000028
  0.00000016
  0.00000026
  0.00000053
  0.00000033
  0.00000051
  0.00000019
  0.00000022
  0.00000041
  0.00000017
  0.00000045
  0.00000892
  0.00000037
  0.00000026
  0.00000189
  0.00000029
  0.00000030
  0.00000035
  0.00000023
  0.00000027
  0.00000031
  0.00000029
  0.00000021
  0.00000149
  0.00000023
  0.00000049
  0.00000016
  0.00000021
  0.00000072
  0.00000029
  0.00000036
  0.00000024
  0.00000474
  0.00000029
  0.00000031
  0.00000030
  0.00000026
  0.00000065
  0.00000033
  0.00000020
  0.00000027
  0.00000021
  0.00000024
  0.00000021
  0.00000019
  0.00000022
  0.00000024
  0.00000020
  0.00000030
  0.00000023
  0.00000026
  0.00000033
  0.00000025
  0.00000061
  0.00000866
  0.00000039
  0.00000016
  0.00000018
  0.00000054
  0.00000376
  0.00000108
  0.00000007
  0.00000069
  0.00000166
  0.00000076
  0.00000042
  0.00000043
  0.00000037
  0.00000021
  0.00000055
  0.00000021
  0.00000052
  0.00000035
  0.00000030
  0.00000026
  0.00000039
  0.00000786
  0.00000049
  0.00000058
  0.00000035
  0.00000062
  0.00000023
  0.00000051
  0.00000015
  0.00000052
  0.00000010
  0.00000109
  0.00000072
  0.00000028
  0.00000029
  0.00000617
  0.00000061
  0.00001447
  0.00000049
  0.00000021
  0.00001102
  0.00000063
  0.00000045
  0.00003219
  0.00000547
  0.00000148
  0.00000021
  0.00000561
  0.00000012
  0.00000116
  0.00000020
  0.00000061
  0.00000059
  0.00000045
  0.00000188
  0.00000013
  0.00000068
  0.00000028
  0.00000042
  0.00000035
  0.00000584
  0.00000018
  0.00000251
  0.00000030
  0.00000015
  0.00000070
  0.00000050
  0.00000020
  0.00000162
  0.00000034
  0.00000049
  0.00000014
  0.00000025
  0.00000043
  0.00000023
  0.00000108
  0.00000009
  0.00000023
  0.00000027
  0.00000022
  0.00000023
  0.00000023
  0.00000219
  0.00000543
  0.00000068
  0.00000017
  0.00000059
  0.00000018
  0.00000046
  0.00000092
  0.00000039
  0.00000021
  0.00000107
  0.00000036
  0.00000013
  0.00000033
  0.00000010
  0.00000033
  0.00000199
  0.00000014
  0.00000023
  0.00000016
  0.00000030
  0.00000056
  0.00000018
  0.00000021
  0.00000891
  0.00000070
  0.00004059
  0.00000058
  0.00000012
  0.00000048
  0.00000032
  0.00000879
  0.00000069
  0.00000019
  0.00000081
  0.00000014
  0.00000059
  0.00000022
  0.00000047
  0.00000027
  0.00000032
  0.00000032
  0.00000028
  0.00000023
  0.00000135
  0.00000036
  0.00000041
  0.00000026
  0.00000020
  0.00000027
  0.00000017
  0.00000023
  0.00000024
  0.00000013
  0.00000023
  0.00000013
  0.00000033
  0.00000017
  0.00000021
  0.00000017
  0.00000013
  0.00000132
  0.00000112
  0.00000020
  0.00000020
  0.00000024
  0.00000174
  0.00000507
  0.00000059
  0.00002664
  0.00000182
  0.00000103
  0.00000063
  0.00000038
  0.00000036
  0.00000211
  0.00000094
  0.00000019
  0.00000099
  0.00000148
  0.00000034
  0.00000025
  0.00000016
  0.00000018
  0.00000026
  0.00000015
  0.00000038
  0.00000019
  0.00000029
  0.00001112
  0.00000039
  0.00000017
  0.00000035
  0.00000038
  0.00000027
  0.00000049
  0.00000014
  0.00000025
  0.00000014
  0.00000021
  0.00000589
  0.00000021
  0.00000014
  0.00000024
  0.00000076
  0.00000028
  0.00000025
  0.00000011
  0.00000017
  0.00000126
  0.00000090
  0.00000021
  0.00000031
  0.00000026
  0.00000039
  0.00000013
  0.00000033
  0.00000028
  0.00000026
  0.00000039
  0.00000103
  0.00000749
  0.00000299
  0.00000061
  0.00000402
  0.00000024
  0.00000199
  0.00000048
  0.00000059
  0.00000232
  0.00000112
  0.00000101
  0.00000067
  0.00001218
  0.00000188
  0.00001126
  0.00000309
  0.00000030
  0.00000035
  0.00000014
  0.00004139
  0.00000193
  0.00000065
  0.00000119
  0.00000058
  0.00000233
  0.00000113
  0.00000039
  0.00000140
  0.00000025
  0.00000114
  0.00000146
  0.00000062
  0.00000025
  0.00004006
  0.00000192
  0.00000019
  0.00000171
  0.00000059
  0.00000668
  0.00000093
  0.00000109
  0.00000122
  0.00000076
  0.00000131
  0.00000046
  0.00000153
  0.00000034
  0.00000144
  0.00000743
  0.00000026
  0.00000026
  0.00002559
  0.00000151
  0.00000022
  0.00000105
  0.00000184
  0.00000141
  0.00000041
  0.00000096
  0.00000037
  0.00000233
  0.00000085
  0.00000037
  0.00000087
  0.00000140
  0.00000136
  0.00000057
  0.00000075
  0.00000088
  0.00000106
  0.00000059
  0.00000035
  0.00000061
  0.00000044
  0.00000064
  0.00000034
  0.00000749
  0.00000042
  0.00000094
  0.00000035
  0.00000086
  0.00000041
  0.00000395
  0.00000035
  0.00000051
  0.00000052
  0.00000040
  0.00000061
  0.00000113
  0.00000023
  0.00000021
  0.00000025
  0.00000016
  0.00000024
  0.00000017
  0.00000075
  0.00000118
  0.00000110
  0.00000029
  0.00000372
  0.00000033
  0.00000565
  0.00001424
  0.00000086
  0.00000152
  0.00000065
  0.00000032
  0.00000017
  0.00000031
  0.00000298
  0.00000030
  0.00000126
  0.00000115
  0.00000151
  0.00000015
  0.00000027
  0.00000013
  0.00000025
  0.00000023
  0.00000015
  0.00000047
  0.00000574
  0.00000055
  0.00000026
  0.00000038
  0.00000026
  0.00000052
  0.00000076
  0.00000031
  0.00000166
  0.00000029
  0.00000019
  0.00000027
  0.00000022
  0.00000024
  0.00000019
  0.00001119
  0.00000034
  0.00000020
  0.00000743
  0.00000064
  0.00000034
  0.00000034
  0.00000119
  0.00001744
  0.00000131
  0.00000015
  0.00000153
  0.00000044
  0.00000115
  0.00000031
  0.00000124
  0.00000357
  0.00000264
  0.00000029
  0.00000081
  0.00000068
  0.00000051
  0.00000074
  0.00000613
  0.00000029
  0.00000027
  0.00000024
  0.00000046
  0.00000028
  0.00000027
  0.00000017
  0.00001448
  0.00000039
  0.00000019
  0.00000021
  0.00000026
  0.00000030
  0.00000019
  0.00000016
  0.00000020
  0.00000027
  0.00000288
  0.00000020
  0.00000623
  0.00000030
  0.00000428
  0.00000022
  0.00000066
  0.00000019
  0.00000032
  0.00000129
  0.00000014
  0.00000013
  0.00000022
  0.00000016
  0.00000033
  0.00000024
  0.00004171
  0.00000302
  0.00000039
  0.00000210
  0.00000437
  0.00001073
  0.00000266
  0.00000157
  0.00000177
  0.00000084
  0.00000182
  0.00000047
  0.00000469
  0.00000052
  0.00001330
  0.00000062
  0.00000860
  0.00000035
  0.00000263
  0.00000052
  0.00000117
  0.00000046
  0.00000058
  0.00000046
  0.00000022
  0.00000435
  0.00000039
  0.00000086
  0.00000024
  0.00000061
  0.00000016
  0.00000041
  0.00000016
  0.00000041
  0.00000350
  0.00000080
  0.00000356
  0.00000037
  0.00000032
  0.00000144
  0.00000031
  0.00000018
  0.00000036
  0.00000015
  0.00000025
  0.00000166
  0.00000015
  0.00000160
  0.00000021
  0.00000016
  0.00000034
  0.00000017
  0.00000022
  0.00000022
  0.00000021
  0.00000007
  0.00000222
  0.00000034
  0.00000162
  0.00000026
  0.00000027
  0.00000017
  0.00002606
  0.00000140
  0.00000012
  0.00000085
  0.00000044
  0.00000192
  0.00000039
  0.00000034
  0.00000033
  0.00000437
  0.00000087
  0.00000012
  0.00000073
  0.00000019
  0.00000076
  0.00000016
  0.00000055
  0.00000035
  0.00000059
  0.00000021
  0.00000045
  0.00000018
  0.00000032
  0.00000026
  0.00000018
  0.00000028
  0.00000020
  0.00000914
  0.00000040
  0.00000195
  0.00000031
  0.00000103
  0.00000053
  0.00000029
  0.00000049
  0.00000032
  0.00000080
  0.00000228
  0.00000025
  0.00000020
  0.00000018
  0.00000022
  0.00000024
  0.00000017
  0.00000019
  0.00000031
  0.00000123
  0.00000026
  0.00000022
  0.00000115
  0.00000026
  0.00000020
  0.00000024
  0.00000373
  0.00000487
  0.00000040
  0.00000039
  0.00000643
  0.00000061
  0.00000352
  0.00000042
  0.00000076
  0.00000037
  0.00000069
  0.00000301
  0.00000127
  0.00000055
  0.00000039
  0.00000035
  0.00000312
  0.00000064
  0.00000047
  0.00000172
  0.00000024
  0.00000025
  0.00000026
  0.00000024
  0.00000031
  0.00000028
  0.00000027
  0.00000021
  0.00000016
  0.00000015
  0.00000017
  0.00000022
  0.00000018
  0.00000159
  0.00000027
  0.00003095
  0.00000090
  0.00000042
  0.00000066
  0.00001164
  0.00000221
  0.00000038
  0.00003531
  0.00001434
  0.00000363
  0.00000045
  0.00000255
  0.00000017
  0.00000439
  0.00000034
  0.00000127
  0.00000039
  0.00000067
  0.00000039
  0.00000716
  0.00000948
  0.00000961
  0.00000082
  0.00000170
  0.00000092
  0.00000126
  0.00000108
  0.00000557
  0.00000038
  0.00000054
  0.00000044
  0.00000026
  0.00000046
  0.00000019
  0.00000059
  0.00000027
  0.00000038
  0.00000026
  0.00000035
  0.00000422
  0.00001460
  0.00000036
  0.00000028
  0.00000046
  0.00002274
  0.00000264
  0.00000033
  0.00000293
  0.00000100
  0.00000251
  0.00000500
  0.00000072
  0.00000813
  0.00000131
  0.00000180
  0.00000066
  0.00000103
  0.00000139
  0.00000322
  0.00000030
  0.00000602
  0.00000031
  0.00000063
  0.00000012
  0.00000044
  0.00000018
  0.00000903
  0.00000085
  0.00000015
  0.00000077
  0.00000020
  0.00001621
  0.00000178
  0.00000018
  0.00000119
  0.00000017
  0.00000116
  0.00000028
  0.00000137
  0.00000032
  0.00000051
  0.00000033
  0.00000029
  0.00000054
  0.00000016
  0.00000043
  0.00002092
  0.00000029
  0.00000019
  0.00000960
  0.00000067
  0.00000064
  0.00000510
  0.00000032
  0.00000044
  0.00000038
  0.00000026
  0.00000026
  0.00000024
  0.00000058
  0.00000030
  0.00000031
  0.00000271
  0.00000053
  0.00000022
  0.00000037
  0.00000019
  0.00000045
  0.00000028
  0.00001163
  0.00003946
  0.00000231
  0.00000026
  0.00000463
  0.00000025
  0.00000188
  0.00000030
  0.00000128
  0.00000046
  0.00000108
  0.00000064
  0.00000052
  0.00000099
  0.00000134
  0.00000111
  0.00000027
  0.00000098
  0.00000043
  0.00000080
  0.00000049
  0.00000053
  0.00000063
  0.00000052
  0.00000042
  0.00000019
  0.00000345
  0.00001374
  0.00000515
  0.00000016
  0.00000190
  0.00000172
  0.00000185
  0.00000064
  0.00000338
  0.00000062
  0.00000078
  0.00000098
  0.00000055
  0.00000113
  0.00003970
  0.00000392
  0.00000041
  0.00000326
  0.00000298
  0.00000425
  0.00000129
  0.00000138
  0.00000234
  0.00000235
  0.00000281
  0.00000023
  0.00000215
  0.00000030
  0.00000144
  0.00000068
  0.00000087
  0.00000109
  0.00000050
  0.00000130
  0.00000436
  0.00000048
  0.00000030
  0.00000272
  0.00000051
  0.00000015
  0.00000052
  0.00000030
  0.00000224
  0.00000024
  0.00000038
  0.00000018
  0.00000660
  0.00000053
  0.00000250
  0.00000026
  0.00000016
  0.00000026
  0.00000026
  0.00000020
  0.00000021
  0.00000200
  0.00001056
  0.00000277
  0.00000029
  0.00000045
  0.00000049
  0.00000180
  0.00000045
  0.00000061
  0.00000038
  0.00000143
  0.00000099
  0.00000284
  0.00000019
  0.00000639
  0.00000063
  0.00000443
  0.00000027
  0.00000042
  0.00000213
  0.00000053
  0.00000037
  0.00000030
  0.00000023
  0.00000024
  0.00000036
  0.00000018
  0.00000019
  0.00000023
  0.00000421
  0.00001151
  0.00000072
  0.00000529
  0.00000040
  0.00000039
  0.00001266
  0.00000041
  0.00000033
  0.00000344
  0.00000025
  0.00000040
  0.00000126
  0.00000038
  0.00000024
  0.00000028
  0.00000016
  0.00000022
  0.00000035
  0.00001400
  0.00000102
  0.00000025
  0.00000067
  0.00000396
  0.00000223
  0.00000035
  0.00000160
  0.00000023
  0.00000056
  0.00000046
  0.00000040
  0.00000024
  0.00000018
  0.00000252
  0.00000017
  0.00000043
  0.00000017
  0.00000042
  0.00000036
  0.00000026
  0.00000031
  0.00000024
  0.00000330
  0.00000530
  0.00000039
  0.00000028
  0.00000474
  0.00000051
  0.00000051
  0.00000021
  0.00000045
  0.00000022
  0.00000253
  0.00000025
  0.00000038
  0.00000041
  0.00000024
  0.00000033
  0.00000035
  0.00000036
  0.00000016
  0.00000026
  0.00000015
  0.00000027
  0.00000019
  0.00000357
  0.00000050
  0.00000014
  0.00000048
  0.00000024
  0.00000031
  0.00000504
  0.00000020
  0.00000019
  0.00000033
  0.00000023
  0.00000028
  0.00000302
  0.00000029
  0.00000021
  0.00000024
  0.00000022
  0.00000013
  0.00000019
  0.00000020
  0.00000012
  0.00000017
  0.00001147
  0.00000041
  0.00000017
  0.00000049
  0.00000017
  0.00000276
  0.00000169
  0.00000014
  0.00000043
  0.00000042
  0.00000024
  0.00000035
  0.00000020
  0.00001340
  0.00000102
  0.00000028
  0.00000412
  0.00000037
  0.00000036
  0.00000053
  0.00000040
  0.00000048
  0.00000031
  0.00000043
  0.00000023
  0.00000256
  0.00000029
  0.00000046
  0.00000193
  0.00000027
  0.00000029
  0.00000688
  0.00000021
  0.00000020
  0.00000018
  0.00000142
  0.00000046
  0.00000028
  0.00000041
  0.00000021
  0.00000028
  0.00000058
  0.00000017
  0.00000042
  0.00000015
  0.00000039
  0.00000031
  0.00001463
  0.00001106
  0.00000101
  0.00000049
  0.00000102
  0.00000033
  0.00000064
  0.00000019
  0.00001698
  0.00000057
  0.00000070
  0.00000045
  0.00000048
  0.00000025
  0.00000163
  0.00000013
  0.00000041
  0.00000024
  0.00000044
  0.00001397
  0.00000041
  0.00000040
  0.00000071
  0.00000025
  0.00000045
  0.00000015
  0.00000043
  0.00000014
  0.00000035
  0.00000020
  0.00000047
  0.00000014
  0.00000043
  0.00000015
  0.00000204
  0.00000016
  0.00001367
  0.00000052
  0.00000021
  0.00000051
  0.00000032
  0.00000049
  0.00000025
  0.00000313
  0.00000136
  0.00001039
  0.00000062
  0.00000023
  0.00000064
  0.00000024
  0.00000053
  0.00000078
  0.00000041
  0.00000257
  0.00000063
  0.00001044
  0.00000211
  0.00000018
  0.00000025
  0.00000042
  0.00000846
  0.00000076
  0.00000243
  0.00000518
  0.00000060
  0.00000053
  0.00000285
  0.00000072
  0.00000057
  0.00000028
  0.00000023
  0.00000035
  0.00000041
  0.00000027
  0.00000142
  0.00000024
  0.00000026
  0.00000029
  0.00000022
  0.00000370
  0.00000180
  0.00000019
  0.00000668
  0.00000070
  0.00000696
  0.00000433
  0.00000105
  0.00004476
  0.00000148
  0.00000113
  0.00000138
  0.00000092
  0.00000131
  0.00001479
  0.00000027
  0.00000716
  0.00000044
  0.00000096
  0.00000097
  0.00000057
  0.00000251
  0.00000084
  0.00000106
  0.00000391
  0.00000045
  0.00000555
  0.00000106
  0.00000170
  0.00000043
  0.00000025
  0.00000048
  0.00000023
  0.00000034
  0.00000024
  0.00000030
  0.00000019
  0.00000640
  0.00002186
  0.00000319
  0.00000064
  0.00003706
  0.00000369
  0.00000556
  0.00000156
  0.00000486
  0.00000111
  0.00000407
  0.00001424
  0.00000103
  0.00000046
  0.00000223
  0.00000363
  0.00000325
  0.00000048
  0.00000024
  0.00000036
  0.00000249
  0.00000035
  0.00000036
  0.00000039
  0.00000067
  0.00000435
  0.00000032
  0.00000321
  0.00000030
  0.00000015
  0.00000459
  0.00000050
  0.00000033
  0.00000040
  0.00004006
  0.00001111
  0.00000157
  0.00000119
  0.00000246
  0.00000092
  0.00000176
  0.00000026
  0.00000183
  0.00000539
  0.00000258
  0.00000038
  0.00000202
  0.00000189
  0.00000145
  0.00000118
  0.00000109
  0.00000153
  0.00000058
  0.00000137
  0.00000035
  0.00000121
  0.00000025
  0.00000130
  0.00000032
  0.00000098
  0.00001141
  0.00000622
  0.00000423
  0.00000054
  0.00001070
  0.00000080
  0.00000200
  0.00000056
  0.00000290
  0.00000039
  0.00000160
  0.00000026
  0.00000107
  0.00001997
  0.00000260
  0.00000074
  0.00000137
  0.00000129
  0.00000369
  0.00000233
  0.00000086
  0.00000145
  0.00000030
  0.00000335
  0.00000076
  0.00000054
  0.00000097
  0.00000054
  0.00000815
  0.00000064
  0.00000067
  0.00000492
  0.00000072
  0.00000052
  0.00000034
  0.00000060
  0.00000537
  0.00000171
  0.00000020
  0.00000103
  0.00000419
  0.00000141
  0.00000060
  0.00000656
  0.00000033
  0.00000068
  0.00000339
  0.00000032
  0.00000055
  0.00000069
  0.00000063
  0.00000021
  0.00000041
  0.00000050
  0.00000023
  0.00000025
  0.00000758
  0.00000047
  0.00000764
  0.00000371
  0.00000026
  0.00000726
  0.00000022
  0.00000034
  0.00000033
  0.00000030
  0.00003351
  0.00001170
  0.00000051
  0.00000320
  0.00000067
  0.00000041
  0.00000054
  0.00000185
  0.00000026
  0.00000030
  0.00000019
  0.00001412
  0.00000467
  0.00000042
  0.00000067
  0.00000199
  0.00000052
  0.00000105
  0.00000720
  0.00000039
  0.00000034
  0.00000207
  0.00000014
  0.00000439
  0.00000041
  0.00000041
  0.00000060
  0.00000045
  0.00000033
  0.00000600
  0.00000018
  0.00000394
  0.00000023
  0.00000019
  0.00000026
  0.00000018
  0.00000025
  0.00000016
  0.00000023
  0.00000025
  0.00000020
  0.00000014
  0.00001345
  0.00000063
  0.00000021
  0.00001019
  0.00000049
  0.00000570
  0.00000027
  0.00000295
  0.00000047
  0.00000658
  0.00000131
  0.00000045
  0.00001164
  0.00000031
  0.00000072
  0.00000032
  0.00000057
  0.00000014
  0.00000058
  0.00000043
  0.00000052
  0.00000041
  0.00000031
  0.00000050
  0.00000026
  0.00000064
  0.00000275
  0.00000084
  0.00000025
  0.00000058
  0.00000035
  0.00000061
  0.00000021
  0.00000041
  0.00000033
  0.00000583
  0.00000082
  0.00000021
  0.00000132
  0.00000020
  0.00000089
  0.00000023
  0.00000080
  0.00000028
  0.00000070
  0.00000018
  0.00000602
  0.00000027
  0.00000051
  0.00000023
  0.00000863
  0.00000045
  0.00000051
  0.00000026
  0.00000069
  0.00002181
  0.00000192
  0.00000065
  0.00000121
  0.00000065
  0.00001530
  0.00000273
  0.00000025
  0.00002123
  0.00001247
  0.00000454
  0.00000024
  0.00000366
  0.00000060
  0.00000219
  0.00000107
  0.00000379
  0.00000088
  0.00000061
  0.00000100
  0.00000023
  0.00000084
  0.00000169
  0.00000106
  0.00000023
  0.00000066
  0.00000051
  0.00000034
  0.00000055
  0.00000039
  0.00000064
  0.00000023
  0.00000041
  0.00000022
  0.00000032
  0.00000028
  0.00000022
  0.00000032
  0.00000012
  0.00000040
  0.00000016
  0.00000017
  0.00000016
  0.00000296
  0.00000014
  0.00000029
  0.00000024
  0.00000038
  0.00000023
  0.00000037
  0.00000022
  0.00000024
  0.00000029
  0.00000021
  0.00000033
  0.00000016
  0.00000042
  0.00000020
  0.00000028
  0.00000430
  0.00000013
  0.00001653
  0.00003002
  0.00000142
  0.00000035
  0.00000846
  0.00000237
  0.00000308
  0.00000046
  0.00000181
  0.00000045
  0.00000120
  0.00000071
  0.00000076
  0.00000104
  0.00000027
  0.00000129
  0.00000789
  0.00000028
  0.00000014
  0.00000027
  0.00000033
  0.00000028
  0.00000028
  0.00000168
  0.00000036
  0.00000025
  0.00000042
  0.00000021
  0.00000046
  0.00000030
  0.00000046
  0.00000019
  0.00000030
  0.00000036
  0.00000028
  0.00000537
  0.00000030
  0.00000046
  0.00000025
  0.00000490
  0.00000062
  0.00000052
  0.00000246
  0.00000029
  0.00000040
  0.00000110
  0.00000046
  0.00000040
  0.00000287
  0.00001397
  0.00000125
  0.00000027
  0.00000140
  0.00000015
  0.00000136
  0.00000378
  0.00000049
  0.00000031
  0.00000048
  0.00000034
  0.00000036
  0.00000034
  0.00000941
  0.00000157
  0.00000033
  0.00000123
  0.00000558
  0.00000169
  0.00000086
  0.00000078
  0.00000126
  0.00000045
  0.00000109
  0.00001132
  0.00000029
  0.00000031
  0.00000870
  0.00000069
  0.00000016
  0.00000054
  0.00000034
  0.00000045
  0.00000014
  0.00000033
  0.00000028
  0.00000489
  0.00000054
  0.00000511
  0.00000031
  0.00000022
  0.00000017
  0.00000822
  0.00000027
  0.00000030
  0.00000044
  0.00000015
  0.00001467
  0.00000303
  0.00000033
  0.00000082
  0.00000048
  0.00000375
  0.00000145
  0.00000556
  0.00000082
  0.00003791
  0.00000280
  0.00000057
  0.00002285
  0.00000137
  0.00000219
  0.00000044
  0.00000535
  0.00000026
  0.00000074
  0.00000041
  0.00000046
  0.00000077
  0.00000020
  0.00001337
  0.00000421
  0.00000022
  0.00000063
  0.00000028
  0.00000213
  0.00000031
  0.00000155
  0.00000037
  0.00000077
  0.00000031
  0.00000180
  0.00000029
  0.00000021
  0.00000033
  0.00000019
  0.00000024
  0.00000507
  0.00000270
  0.00000027
  0.00000041
  0.00000407
  0.00000934
  0.00000222
  0.00000059
  0.00000196
  0.00000075
  0.00000174
  0.00000215
  0.00000050
  0.00000060
  0.00000048
  0.00000457
  0.00000040
  0.00000043
  0.00000030
  0.00000080
  0.00000047
  0.00000554
  0.00000024
  0.00000055
  0.00000084
  0.00000061
  0.00000027
  0.00000373
  0.00000044
  0.00000024
  0.00000607
  0.00000046
  0.00000047
  0.00000036
  0.00000069
  0.00000032
  0.00000045
  0.00000015
  0.00000052
  0.00000016
  0.00000032
  0.00000025
  0.00000625
  0.00000012
  0.00000024
  0.00000241
  0.00000013
  0.00000031
  0.00000025
  0.00000022
  0.00000045
  0.00000021
  0.00000020
  0.00000223
  0.00000033
  0.00001034
  0.00000017
  0.00000022
  0.00000025
  0.00000567
  0.00000048
  0.00000033
  0.00000027
  0.00000801
  0.00002493
  0.00000263
  0.00000078
  0.00000239
  0.00000231
  0.00000926
  0.00000079
  0.00000154
  0.00000407
  0.00000131
  0.00000176
  0.00000069
  0.00000174
  0.00000022
  0.00000238
  0.00000030
  0.00000137
  0.00000057
  0.00000079
  0.00000064
  0.00000053
  0.00000081
  0.00000035
  0.00000069
  0.00000021
  0.00000066
  0.00000021
  0.00000368
  0.00000070
  0.00000028
  0.00000073
  0.00000017
  0.00000633
  0.00000068
  0.00000472
  0.00000047
  0.00000025
  0.00000073
  0.00000035
  0.00000051
  0.00000722
  0.00000143
  0.00000038
  0.00000117
  0.00000050
  0.00000040
  0.00000892
  0.00000048
  0.00000061
  0.00000429
  0.00000482
  0.00000143
  0.00000266
  0.00000057
  0.00000044
  0.00000071
  0.00000030
  0.00000063
  0.00000695
  0.00000186
  0.00000060
  0.00000102
  0.00000080
  0.00000058
  0.00000097
  0.00000462
  0.00000053
  0.00000017
  0.00000057
  0.00000578
  0.00000015
  0.00000028
  0.00000023
  0.00000182
  0.00000025
  0.00000021
  0.00000026
  0.00000013
  0.00000031
  0.00000771
  0.00000054
  0.00000950
  0.00000019
  0.00000022
  0.00000248
  0.00000246
  0.00000075
  0.00000025
  0.00000616
  0.00000037
  0.00000029
  0.00000033
  0.00000046
  0.00000032
  0.00000026
  0.00000031
  0.00000029
  0.00000029
  0.00000036
  0.00000045
  0.00000012
  0.00000036
  0.00000031
  0.00000028
  0.00000538
  0.00000064
  0.00000032
  0.00000036
  0.00000030
  0.00000029
  0.00000032
  0.00000027
  0.00000048
  0.00000926
  0.00000064
  0.00000047
  0.00000067
  0.00000171
  0.00000080
  0.00000536
  0.00000018
  0.00000046
  0.00000029
  0.00000079
  0.00000017
  0.00000027
  0.00000025
  0.00000048
  0.00000013
  0.00000037
  0.00000018
  0.00000033
  0.00000022
  0.00000285
  0.00000545
  0.00000662
  0.00000032
  0.00001396
  0.00000612
  0.00000128
  0.00000090
  0.00000719
  0.00000164
  0.00000079
  0.00001570
  0.00000039
  0.00000067
  0.00000044
  0.00000074
  0.00000027
  0.00000049
  0.00000539
  0.00000715
  0.00000047
  0.00000020
  0.00000241
  0.00000034
  0.00000535
  0.00000846
  0.00000678
  0.00000059
  0.00000031
  0.00000076
  0.00000033
  0.00000341
  0.00000048
  0.00000041
  0.00001385
  0.00000044
  0.00000786
  0.00000020
  0.00000031
  0.00000024
  0.00000721
  0.00000074
  0.00000021
  0.00000070
  0.00000029
  0.00000046
  0.00000023
  0.00000229
  0.00000028
  0.00000021
  0.00000024
  0.00000027
  0.00000457
  0.00000033
  0.00000045
  0.00000051
  0.00000064
  0.00000663
  0.00000134
  0.00000024
  0.00000212
  0.00000028
  0.00000098
  0.00000019
  0.00000053
  0.00000024
  0.00000042
  0.00000031
  0.00000951
  0.00000014
  0.00000056
  0.00000648
  0.00000463
  0.00000033
  0.00000035
  0.00000051
  0.00000027
  0.00000029
  0.00000028
  0.00000030
  0.00000039
  0.00000422
  0.00000049
  0.00000020
  0.00000211
  0.00000011
  0.00004608
  0.00002042
  0.00000085
  0.00000261
  0.00000143
  0.00000731
  0.00000322
  0.00000098
  0.00000233
  0.00000022
  0.00000225
  0.00000025
  0.00000188
  0.00000046
  0.00000783
  0.00000127
  0.00000071
  0.00001753
  0.00000122
  0.00000276
  0.00002114
  0.00000054
  0.00000058
  0.00000055
  0.00000045
  0.00000038
  0.00000027
  0.00000030
  0.00000043
  0.00000502
  0.00000018
  0.00000044
  0.00000028
  0.00000036
  0.00000018
  0.00000246
  0.00000033
  0.00000028
  0.00000048
  0.00000026
  0.00000027
  0.00000021
  0.00000258
  0.00000020
  0.00000019
  0.00000949
  0.00000743
  0.00000066
  0.00000035
  0.00000064
  0.00000042
  0.00000446
  0.00001806
  0.00000349
  0.00000060
  0.00000072
  0.00000041
  0.00000749
  0.00000052
  0.00000351
  0.00001389
  0.00000156
  0.00000104
  0.00000126
  0.00000187
  0.00000092
  0.00001211
  0.00000042
  0.00000086
  0.00000041
  0.00000077
  0.00000046
  0.00000049
  0.00000045
  0.00000598
  0.00000083
  0.00000592
  0.00000508
  0.00000043
  0.00000027
  0.00000036
  0.00000046
  0.00000060
  0.00000549
  0.00000066
  0.00000029
  0.00000045
  0.00000018
  0.00000034
  0.00000043
  0.00000037
  0.00001179
  0.00000753
  0.00000119
  0.00000877
  0.00000314
  0.00000087
  0.00000087
  0.00000102
  0.00000086
  0.00000096
  0.00000099
  0.00000044
  0.00000087
  0.00000028
  0.00000550
  0.00000035
  0.00000057
  0.00000056
  0.00000053
  0.00000038
  0.00000025
  0.00000040
  0.00000019
  0.00001507
  0.00000353
  0.00000048
  0.00000386
  0.00000056
  0.00000243
  0.00000049
  0.00000120
  0.00000515
  0.00000211
  0.00000039
  0.00000889
  0.00000052
  0.00000056
  0.00000034
  0.00000070
  0.00000066
  0.00000036
  0.00000074
  0.00000035
  0.00000054
  0.00000019
  0.00000591
  0.00000033
  0.00000037
  0.00000457
  0.00000036
  0.00000073
  0.00000190
  0.00000041
  0.00000037
  0.00000033
  0.00000167
  0.00000022
  0.00000036
  0.00000022
  0.00003834
  0.00000126
  0.00000036
  0.00000092
  0.00000128
  0.00000062
  0.00000042
  0.00000033
  0.00000540
  0.00001266
  0.00000237
  0.00000043
  0.00000233
  0.00000062
  0.00000148
  0.00000090
  0.00000099
  0.00000743
  0.00000130
  0.00000125
  0.00000057
  0.00000128
  0.00000035
  0.00000126
  0.00000024
  0.00000084
  0.00000016
  0.00000083
  0.00000022
  0.00000050
  0.00000019
  0.00000554
  0.00000096
  0.00000035
  0.00000075
  0.00000040
  0.00000049
  0.00000048
  0.00000046
  0.00000037
  0.00000250
  0.00000062
  0.00000013
  0.00001429
  0.00000118
  0.00000087
  0.00000063
  0.00000103
  0.00000031
  0.00000108
  0.00000025
  0.00000865
  0.00000051
  0.00002153
  0.00000045
  0.00000037
  0.00000039
  0.00000024
  0.00000027
  0.00000016
  0.00000340
  0.00000029
  0.00000035
  0.00000019
  0.00000024
  0.00000024
  0.00000030
  0.00000023
  0.00000034
  0.00000022
  0.00000760
  0.00000079
  0.00000018
  0.00000050
  0.00000029
  0.00000079
  0.00000213
  0.00000027
  0.00000660
  0.00000597
  0.00000079
  0.00000069
  0.00002525
  0.00000139
  0.00000141
  0.00000086
  0.00000127
  0.00000031
  0.00000105
  0.00000047
  0.00000095
  0.00000036
  0.00000094
  0.00000050
  0.00000070
  0.00000074
  0.00000261
  0.00000095
  0.00000024
  0.00000119
  0.00000027
  0.00000096
  0.00000039
  0.00001135
  0.00000028
  0.00000062
  0.00000033
  0.00000079
  0.00000024
  0.00000682
  0.00000078
  0.00000031
  0.00000091
  0.00000018
  0.00000087
  0.00000314
  0.00000029
  0.00000040
  0.00000037
  0.00000746
  0.00000047
  0.00000032
  0.00000031
  0.00000428
  0.00000043
  0.00000024
  0.00000029
  0.00000023
  0.00000023
  0.00000458
  0.00000029
  0.00000023
  0.00000028
  0.00000022
  0.00000026
  0.00000012
  0.00000031
  0.00000817
  0.00000062
  0.00000043
  0.00000781
  0.00000034
  0.00000067
  0.00000834
  0.00000029
  0.00000017
  0.00000020
  0.00000821
  0.00000035
  0.00000035
  0.00000043
  0.00000018
  0.00000048
  0.00000024
  0.00000032
  0.00000138
  0.00000042
  0.00000024
  0.00000030
  0.00000019
  0.00000026
  0.00000039
  0.00000016
  0.00001586
  0.00000082
  0.00000035
  0.00000052
  0.00000044
  0.00000032
  0.00000042
  0.00000023
  0.00000710
  0.00000357
  0.00000079
  0.00000027
  0.00000084
  0.00000027
  0.00000047
  0.00000038
  0.00000051
  0.00001823
  0.00000112
  0.00000202
  0.00000062
  0.00000036
  0.00001273
  0.00000202
  0.00000039
  0.00000182
  0.00000024
  0.00000350
  0.00000061
  0.00000162
  0.00000060
  0.00000876
  0.00000179
  0.00001571
  0.00000058
  0.00000026
  0.00000051
  0.00000021
  0.00000351
  0.00000873
  0.00000147
  0.00000036
  0.00000113
  0.00000053
  0.00000076
  0.00000047
  0.00000899
  0.00000032
  0.00000034
  0.00000037
  0.00000029
  0.00000865
  0.00000399
  0.00000355
  0.00000084
  0.00000139
  0.00000050
  0.00000144
  0.00000076
  0.00000096
  0.00000036
  0.00000086
  0.00000027
  0.00000054
  0.00000046
  0.00000049
  0.00002442
  0.00000059
  0.00000022
  0.00000075
  0.00000021
  0.00000064
  0.00000029
  0.00000049
  0.00000025
  0.00000056
  0.00000028
  0.00000032
  0.00000026
  0.00004451
  0.00000511
  0.00000047
  0.00000438
  0.00000120
  0.00000271
  0.00000186
  0.00001940
  0.00000080
  0.00000084
  0.00000765
  0.00000759
  0.00000037
  0.00000042
  0.00000194
  0.00000039
  0.00000048
  0.00000064
  0.00000033
  0.00000074
  0.00000029
  0.00000039
  0.00000032
  0.00000755
  0.00002829
  0.00001482
  0.00000773
  0.00000126
  0.00000090
  0.00000123
  0.00000118
  0.00000089
  0.00000126
  0.00000038
  0.00001098
  0.00000108
  0.00000062
  0.00000135
  0.00000069
  0.00000083
  0.00000030
  0.00000097
  0.00000024
  0.00000090
  0.00000027
  0.00000090
  0.00000041
  0.00000068
  0.00000051
  0.00000030
  0.00000051
  0.00000012
  0.00001870
  0.00000101
  0.00001404
  0.00000027
  0.00000034
  0.00000344
  0.00000032
  0.00000030
  0.00000036
  0.00000026
  0.00000027
  0.00000637
  0.00000055
  0.00000018
  0.00000052
  0.00000022
  0.00000056
  0.00000025
  0.00000035
  0.00000041
  0.00000699
  0.00000119
  0.00000022
  0.00000089
  0.00000022
  0.00000088
  0.00002146
  0.00000386
  0.00000042
  0.00000035
  0.00000050
  0.00000023
  0.00000025
  0.00000027
  0.00000031
  0.00000035
  0.00000556
  0.00000067
  0.00000020
  0.00000070
  0.00000646
  0.00000126
  0.00000063
  0.00000084
  0.00000063
  0.00000063
  0.00000067
  0.00000027
  0.00000079
  0.00000691
  0.00000169
  0.00000511
  0.00000490
  0.00000028
  0.00000060
  0.00000037
  0.00000073
  0.00000042
  0.00000438
  0.00000056
  0.00000025
  0.00000574
  0.00000028
  0.00000067
  0.00000023
  0.00000056
  0.00000032
  0.00000110
  0.00000025
  0.00000510
  0.00000020
  0.00000115
  0.00000021
  0.00000089
  0.00000027
  0.00000113
  0.00000045
  0.00000587
  0.00000019
  0.00000067
  0.00000034
  0.00000054
  0.00000037
  0.00000056
  0.00000032
  0.00000040
  0.00000038
  0.00000023
  0.00000040
  0.00001165
  0.00000029
  0.00000352
  0.00000031
  0.00000050
  0.00000052
  0.00000979
  0.00000190
  0.00000041
  0.00000093
  0.00000027
  0.00001412
  0.00001765
  0.00000041
  0.00000037
  0.00000431
  0.00000084
  0.00000104
  0.00000831
  0.00000051
  0.00000536
  0.00000142
  0.00000082
  0.00000143
  0.00000040
  0.00000071
  0.00000078
  0.00000077
  0.00000049
  0.00000061
  0.00000899
  0.00000051
  0.00000038
  0.00000083
  0.00000048
  0.00000705
  0.00000114
  0.00000758
  0.00000049
  0.00000049
  0.00000680
  0.00000045
  0.00000059
  0.00000050
  0.00000025
  0.00000042
  0.00000018
  0.00000028
  0.00000029
  0.00001961
  0.00000136
  0.00000024
  0.00000084
  0.00000033
  0.00000063
  0.00000032
  0.00000050
  0.00000042
  0.00000038
  0.00000051
  0.00000037
  0.00000041
  0.00000016
  0.00000037
  0.00000023
  0.00000036
  0.00000019
  0.00000026
  0.00000029
  0.00000032
  0.00000027
  0.00000601
  0.00000102
  0.00000027
  0.00000114
  0.00000463
  0.00000137
  0.00000059
  0.00001487
  0.00000041
  0.00000085
  0.00000020
  0.00001614
  0.00000062
  0.00000061
  0.00000042
  0.00000045
  0.00000022
  0.00000061
  0.00000815
  0.00000029
  0.00000026
  0.00000030
  0.00000022
  0.00003140
  0.00000127
  0.00000230
  0.00000064
  0.00000036
  0.00000071
  0.00000172
  0.00000028
  0.00000058
  0.00000018
  0.00000029
  0.00000024
  0.00000029
  0.00003845
  0.00000325
  0.00000715
  0.00000134
  0.00000065
  0.00000104
  0.00000269
  0.00000038
  0.00001113
  0.00000089
  0.00000068
  0.00000041
  0.00000388
  0.00000559
  0.00000127
  0.00000030
  0.00000114
  0.00000027
  0.00000091
  0.00000021
  0.00000057
  0.00000452
  0.00001072
  0.00000148
  0.00000874
  0.00000066
  0.00000084
  0.00000049
  0.00000204
  0.00000045
  0.00000347
  0.00000022
  0.00000026
  0.00001655
  0.00000896
  0.00000108
  0.00000026
  0.00000085
  0.00000025
  0.00000077
  0.00000048
  0.00000054
  0.00000054
  0.00000037
  0.00000066
  0.00000035
  0.00000065
  0.00000019
  0.00000074
  0.00000845
  0.00000021
  0.00000023
  0.00000035
  0.00000024
  0.00000034
  0.00000019
  0.00000018
  0.00000024
  0.00000024
  0.00003009
  0.00001045
  0.00000084
  0.00000037
  0.00000113
  0.00000088
  0.00000070
  0.00000045
  0.00000059
  0.00000041
  0.00000053
  0.00000045
  0.00000035
  0.00000048
  0.00000016
  0.00000050
  0.00000760
  0.00000027
  0.00000028
  0.00002465
  0.00000102
  0.00000026
  0.00001421
  0.00000040
  0.00001055
  0.00000076
  0.00000921
  0.00000093
  0.00000181
  0.00000070
  0.00000114
  0.00000039
  0.00000114
  0.00000064
  0.00000097
  0.00000103
  0.00000078
  0.00000061
  0.00000280
  0.00000303
  0.00000050
  0.00000037
  0.00000056
  0.00000232
  0.00000089
  0.00000087
  0.00000943
  0.00000026
  0.00000332
  0.00000030
  0.00000680
  0.00002109
  0.00000224
  0.00000074
  0.00000184
  0.00000100
  0.00000160
  0.00000089
  0.00000340
  0.00003930
  0.00000214
  0.00000074
  0.00000105
  0.00000102
  0.00000043
  0.00000129
  0.00002423
  0.00000034
  0.00000525
  0.00000049
  0.00000056
  0.00000052
  0.00000037
  0.00000239
  0.00000041
  0.00000049
  0.00001471
  0.00000094
  0.00000040
  0.00000058
  0.00000052
  0.00000031
  0.00000078
  0.00000556
  0.00000034
  0.00000024
  0.00000024
  0.00000042
  0.00000261
  0.00000032
  0.00000040
  0.00000526
  0.00000027
  0.00000023
  0.00000039
  0.00000026
  0.00000018
  0.00000027
  0.00000016
  0.00000034
  0.00000873
  0.00000076
  0.00000383
  0.00000018
  0.00000028
  0.00000253
  0.00000049
  0.00000551
  0.00000040
  0.00000053
  0.00000043
  0.00000057
  0.00000469
  0.00003661
  0.00000266
  0.00001219
  0.00000069
  0.00000024
  0.00000045
  0.00000032
  0.00000030
  0.00000052
  0.00000029
  0.00000929
  0.00000857
  0.00000018
  0.00000028
  0.00000038
  0.00001321
  0.00000176
  0.00000032
  0.00000136
  0.00000053
  0.00000145
  0.00000032
  0.00000061
  0.00000063
  0.00001116
  0.00000125
  0.00000040
  0.00001248
  0.00000053
  0.00000363
  0.00000042
  0.00000104
  0.00000051
  0.00000078
  0.00000046
  0.00000043
  0.00001539
  0.00000111
  0.00000071
  0.00000082
  0.00000099
  0.00001976
  0.00000722
  0.00000037
  0.00000176
  0.00000093
  0.00000112
  0.00000124
  0.00000053
  0.00000165
  0.00000027
  0.00001316
  0.00000170
  0.00000056
  0.00000190
  0.00000026
  0.00000169
  0.00000035
  0.00000146
  0.00000042
  0.00000113
  0.00000068
  0.00000086
  0.00000071
  0.00000071
  0.00000047
  0.00000020
  0.00000050
  0.00000017
  0.00000431
  0.00000069
  0.00001913
  0.00000057
  0.00000041
  0.00000075
  0.00000042
  0.00000054
  0.00000511
  0.00000030
  0.00000041
  0.00001021
  0.00000106
  0.00000052
  0.00000074
  0.00000058
  0.00000040
  0.00000065
  0.00000049
  0.00000100
  0.00000043
  0.00000068
  0.00000653
  0.00000986
  0.00000039
  0.00000032
  0.00000037
  0.00000037
  0.00000036
  0.00002486
  0.00000884
  0.00000152
  0.00000128
  0.00000176
  0.00000657
  0.00000326
  0.00000056
  0.00000230
  0.00000066
  0.00000174
  0.00000058
  0.00000120
  0.00000085
  0.00000074
  0.00000068
  0.00000049
  0.00000058
  0.00000042
  0.00000043
  0.00000049
  0.00000054
  0.00001469
  0.00000138
  0.00001342
  0.00000042
  0.00000054
  0.00000574
  0.00000804
  0.00000463
  0.00000049
  0.00000067
  0.00001127
  0.00000113
  0.00000030
  0.00000093
  0.00000049
  0.00000103
  0.00000083
  0.00000063
  0.00000069
  0.00000045
  0.00000065
  0.00000032
  0.00000035
  0.00000038
  0.00000041
  0.00000023
  0.00000042
  0.00000024
  0.00000043
  0.00000023
  0.00000030
  0.00000036
  0.00000798
  0.00000095
  0.00000031
  0.00000082
  0.00000040
  0.00000063
  0.00000051
  0.00000036
  0.00000074
  0.00000034
  0.00000392
  0.00001595
  0.00000040
  0.00003152
  0.00000099
  0.00000044
  0.00000062
  0.00000421
  0.00000066
  0.00000077
  0.00000048
  0.00000058
  0.00000036
  0.00000052
  0.00001024
  0.00000016
  0.00000034
  0.00000014
  0.00000021
  0.00000019
  0.00000022
  0.00001277
  0.00001864
  0.00000118
  0.00000056
  0.00000083
  0.00000048
  0.00000614
  0.00000071
  0.00000916
  0.00000028
  0.00000113
  0.00000056
  0.00000068
  0.00000041
  0.00000048
  0.00003288
  0.00000167
  0.00000048
  0.00001857
  0.00000117
  0.00000857
  0.00000126
  0.00000237
  0.00000119
  0.00000082
  0.00000074
  0.00000092
  0.00000867
  0.00001291
  0.00000400
  0.00000055
  0.00000374
  0.00000066
  0.00000200
  0.00000695
  0.00000083
  0.00000112
  0.00000055
  0.00000477
  0.00002584
  0.00000037
  0.00000054
  0.00000041
  0.00000036
  0.00000047
  0.00000448
  0.00000031
  0.00001000
  0.00000090
  0.00000041
  0.00000093
  0.00001656
  0.00000195
  0.00000106
  0.00001474
  0.00000052
  0.00000082
  0.00000080
  0.00000046
  0.00000068
  0.00000041
  0.00000065
  0.00000038
  0.00000087
  0.00000031
  0.00000056
  0.00000029
  0.00000054
  0.00000041
  0.00000036
  0.00000821
  0.00000834
  0.00000035
  0.00000050
  0.00000049
  0.00000045
  0.00000040
  0.00000044
  0.00000871
  0.00000031
  0.00000809
  0.00000034
  0.00000013
  0.00000031
  0.00000029
  0.00000023
  0.00000038
  0.00000729
  0.00000033
  0.00000046
  0.00000033
  0.00000042
  0.00000020
  0.00001342
  0.00000109
  0.00000044
  0.00000114
  0.00001008
  0.00000366
  0.00000033
  0.00000294
  0.00000049
  0.00000149
  0.00000122
  0.00000091
  0.00000147
  0.00000030
  0.00000171
  0.00000025
  0.00000144
  0.00000041
  0.00000073
  0.00000067
  0.00000029
  0.00000069
  0.00000593
  0.00000156
  0.00000956
  0.00000052
  0.00000061
  0.00000041
  0.00000057
  0.00000031
  0.00000049
  0.00000023
  0.00000874
  0.00000052
  0.00000033
  0.00000044
  0.00000025
  0.00000035
  0.00000016
  0.00000040
  0.00000027
  0.00000024
  0.00000022
  0.00000025
  0.00000024
  0.00001002
  0.00000073
  0.00000028
  0.00000058
  0.00000019
  0.00000057
  0.00000020
  0.00001263
  0.00000040
  0.00001659
  0.00000047
  0.00000025
  0.00000025
  0.00000029
  0.00000027
  0.00000889
  0.00000098
  0.00000040
  0.00000317
  0.00001634
  0.00001316
  0.00000082
  0.00000139
  0.00000162
  0.00000074
  0.00001926
  0.00000117
  0.00000338
  0.00000060
  0.00000068
  0.00000081
  0.00000064
  0.00000103
  0.00000059
  0.00000293
  0.00000024
  0.00000028
  0.00000032
  0.00000025
  0.00000040
  0.00000029
  0.00000034
  0.00000028
  0.00000029
  0.00000347
  0.00000335
  0.00000024
  0.00000017
  0.00000029
  0.00001005
  0.00000084
  0.00000045
  0.00000070
  0.00000398
  0.00000621
  0.00000223
  0.00000042
  0.00000231
  0.00000029
  0.00000188
  0.00001505
  0.00001058
  0.00000851
  0.00000814
  0.00000074
  0.00001078
  0.00000058
  0.00001515
  0.00000084
  0.00000088
  0.00000125
  0.00000038
  0.00000326
  0.00000058
  0.00000347
  0.00000061
  0.00000038
  0.00001269
  0.00000756
  0.00000363
  0.00000032
  0.00000032
  0.00000057
  0.00000364
  0.00000040
  0.00000040
  0.00000026
  0.00000333
  0.00000932
  0.00000716
  0.00000075
  0.00000058
  0.00000783
  0.00000096
  0.00002497
  0.00001099
  0.00001511
  0.00000089
  0.00000051
  0.00000072
  0.00000051
  0.00000043
  0.00000051
  0.00000026
  0.00000033
  0.00000034
  0.00000063
  0.00000788
  0.00000066
  0.00001477
  0.00000039
  0.00000042
  0.00000066
  0.00000061
  0.00001694
  0.00000807
  0.00000151
  0.00000392
  0.00000072
  0.00000073
  0.00000079
  0.00000053
  0.00000076
  0.00000060
  0.00000080
  0.00000046
  0.00000087
  0.00000027
  0.00000678
  0.00000049
  0.00000051
  0.00000090
  0.00000203
  0.00000064
  0.00001887
  0.00000600
  0.00000097
  0.00000485
  0.00000646
  0.00000103
  0.00000077
  0.00000075
  0.00000075
  0.00001057
  0.00000913
  0.00001228
  0.00000059
  0.00000039
  0.00001527
  0.00000087
  0.00000045
  0.00000059
  0.00000052
  0.00000042
  0.00000043
  0.00000082
  0.00000055
  0.00000041
  0.00000057
  0.00001974
  0.00000090
  0.00000026
  0.00000090
  0.00000095
  0.00000055
  0.00000101
  0.00000077
  0.00000110
  0.00000055
  0.00000717
  0.00001397
  0.00000057
  0.00000068
  0.00000069
  0.00000053
  0.00000081
  0.00000026
  0.00002030
  0.00000120
  0.00000082
  0.00000073
  0.00000084
  0.00000027
  0.00000090
  0.00000022
  0.00000089
  0.00000039
  0.00000056
  0.00000043
  0.00000050
  0.00000031
  0.00000030
  0.00000046
  0.00001264
  0.00000022
  0.00000020
  0.00000026
  0.00000027
  0.00000500
  0.00000038
  0.00000045
  0.00000053
  0.00000041
  0.00000223
  0.00000060
  0.00000019
  0.00000070
  0.00000023
  0.00000237
  0.00000675
  0.00000017
  0.00000023
  0.00000023
  0.00000047
  0.00000036
  0.00000031
  0.00000028
  0.00000025
  0.00000025
  0.00000017
  0.00002289
  0.00000100
  0.00000039
  0.00003663
  0.00000061
  0.00000096
  0.00000029
  0.00000107
  0.00000020
  0.00000078
  0.00000039
  0.00000046
  0.00000056
  0.00000039
  0.00001923
  0.00000105
  0.00000025
  0.00000115
  0.00000434
  0.00003221
  0.00001598
  0.00000137
  0.00000343
  0.00000155
  0.00000232
  0.00000132
  0.00000084
  0.00000139
  0.00000041
  0.00000162
  0.00000047
  0.00000596
  0.00000034
  0.00001039
  0.00000082
  0.00000065
  0.00000079
  0.00000061
  0.00000072
  0.00001251
  0.00000062
  0.00000068
  0.00000026
  0.00000044
  0.00000037
  0.00000051
  0.00000043
  0.00000043
  0.00000035
  0.00000359
  0.00000033
  0.00000034
  0.00000019
  0.00000026
  0.00000695
  0.00000025
  0.00000060
  0.00000048
  0.00000041
  0.00000021
  0.00000343
  0.00000024
  0.00000026
  0.00000022
  0.00000016
  0.00000044
  0.00000021
  0.00000029
  0.00001305
  0.00000125
  0.00000022
  0.00001479
  0.00000022
  0.00000074
  0.00000028
  0.00000056
  0.00000387
  0.00000069
  0.00000035
  0.00000043
  0.00000039
  0.00000049
  0.00000034
  0.00000038
  0.00000040
  0.00000027
  0.00000059
  0.00000025
  0.00000035
  0.00000030
  0.00000037
  0.00000023
  0.00000023
  0.00000022
  0.00000018
  0.00000030
  0.00000021
  0.00000033
  0.00000743
  0.00000061
  0.00000018
  0.00000932
  0.00000034
  0.00000053
  0.00000023
  0.00000060
  0.00000032
  0.00000061
  0.00000021
  0.00000039
  0.00000856
  0.00000118
  0.00000025
  0.00000091
  0.00000047
  0.00000066
  0.00000061
  0.00000051
  0.00000058
  0.00000721
  0.00000152
  0.00000020
  0.00000305
  0.00000863
  0.00000262
  0.00000044
  0.00000241
  0.00000039
  0.00001324
  0.00000220
  0.00000071
  0.00001307
  0.00000086
  0.00000225
  0.00001643
  0.00000126
  0.00000202
  0.00000123
  0.00000093
  0.00000113
  0.00000059
  0.00000977
  0.00000125
  0.00000037
  0.00000112
  0.00000029
  0.00000094
  0.00000060
  0.00000082
  0.00000047
  0.00000045
  0.00000044
  0.00000052
  0.00000047
  0.00000033
  0.00000047
  0.00000027
  0.00000054
  0.00000043
  0.00000029
  0.00001624
  0.00000069
  0.00000024
  0.00002657
  0.00000336
  0.00000139
  0.00000265
  0.00002247
  0.00000313
  0.00000551
  0.00000142
  0.00000363
  0.00000057
  0.00000658
  0.00000718
  0.00000172
  0.00000119
  0.00000144
  0.00001193
  0.00000088
  0.00000081
  0.00000081
  0.00001254
  0.00000120
  0.00000069
  0.00000398
  0.00000039
  0.00000128
  0.00000127
  0.00000155
  0.00000095
  0.00000109
  0.00000087
  0.00000519
  0.00000061
  0.00000026
  0.00000077
  0.00001075
  0.00000715
  0.00000057
  0.00000046
  0.00000057
  0.00000052
  0.00000052
  0.00000058
  0.00000032
  0.00000057
  0.00000024
  0.00000050
  0.00000869
  0.00000036
  0.00000019
  0.00000024
  0.00000422
  0.00002081
  0.00000906
  0.00000104
  0.00000153
  0.00000150
  0.00000107
  0.00000245
  0.00000047
  0.00000180
  0.00002366
  0.00000412
  0.00000880
  0.00000163
  0.00000520
  0.00000133
  0.00000109
  0.00000048
  0.00000157
  0.00000043
  0.00000160
  0.00000040
  0.00000102
  0.00000630
  0.00000122
  0.00000076
  0.00000072
  0.00000099
  0.00000025
  0.00000109
  0.00000016
  0.00001934
  0.00000053
  0.00000073
  0.00000021
  0.00000109
  0.00000037
  0.00000063
  0.00000053
  0.00000050
  0.00000402
  0.00001811
  0.00000170
  0.00000042
  0.00000203
  0.00000044
  0.00000112
  0.00001488
  0.00002387
  0.00000061
  0.00000054
  0.00000071
  0.00001866
  0.00000130
  0.00000067
  0.00000087
  0.00000075
  0.00000030
  0.00000091
  0.00000058
  0.00000090
  0.00000056
  0.00000059
  0.00000878
  0.00001729
  0.00000032
  0.00000022
  0.00000062
  0.00000081
  0.00000087
  0.00000070
  0.00000462
  0.00000081
  0.00000031
  0.00000038
  0.00000043
  0.00001636
  0.00000147
  0.00000037
  0.00000125
  0.00000062
  0.00001473
  0.00000183
  0.00000978
  0.00000084
  0.00001445
  0.00001497
  0.00000249
  0.00000101
  0.00000237
  0.00000029
  0.00000201
  0.00000031
  0.00000129
  0.00000054
  0.00001486
  0.00000221
  0.00003715
  0.00000030
  0.00000845
  0.00000089
  0.00000085
  0.00000142
  0.00000078
  0.00000119
  0.00001045
  0.00000041
  0.00000039
  0.00000033
  0.00000037
  0.00000299
  0.00000036
  0.00000027
  0.00000050
  0.00001086
  0.00000091
  0.00001964
  0.00000046
  0.00000067
  0.00000079
  0.00000097
  0.00000034
  0.00000037
  0.00000046
  0.00000041
  0.00000042
  0.00000047
  0.00000056
  0.00000787
  0.00000067
  0.00000041
  0.00000850
  0.00000031
  0.00001989
  0.00000736
  0.00001505
  0.00000076
  0.00000111
  0.00000054
  0.00000100
  0.00000437
  0.00000031
  0.00000045
  0.00000054
  0.00000056
  0.00000049
  0.00003580
  0.00000387
  0.00000088
  0.00000313
  0.00000203
  0.00000200
  0.00000279
  0.00000129
  0.00000380
  0.00000075
  0.00000283
  0.00000113
  0.00001112
  0.00000587
  0.00000231
  0.00000139
  0.00001758
  0.00000061
  0.00001787
  0.00000393
  0.00000076
  0.00001134
  0.00000087
  0.00000311
  0.00000085
  0.00000107
  0.00000088
  0.00000057
  0.00000090
  0.00000031
  0.00000115
  0.00000070
  0.00003300
  0.00000219
  0.00000852
  0.00000074
  0.00000043
  0.00000079
  0.00000067
  0.00000066
  0.00000066
  0.00000036
  0.00001114
  0.00000068
  0.00000812
  0.00000766
  0.00000103
  0.00000037
  0.00000068
  0.00000053
  0.00000869
  0.00000170
  0.00000599
  0.00000091
  0.00000040
  0.00002083
  0.00000202
  0.00000060
  0.00000207
  0.00000054
  0.00000086
  0.00000081
  0.00000041
  0.00000098
  0.00001210
  0.00000219
  0.00001849
  0.00000044
  0.00000091
  0.00000034
  0.00000105
  0.00000038
  0.00000077
  0.00000038
  0.00000060
  0.00000048
  0.00000056
  0.00000043
  0.00000030
  0.00000058
  0.00000025
  0.00003639
  0.00002526
  0.00000432
  0.00000093
  0.00000408
  0.00000127
  0.00000245
  0.00000120
  0.00000756
  0.00000096
  0.00000064
  0.00000063
  0.00000037
  0.00000061
  0.00000189
  0.00000052
  0.00000042
  0.00000037
  0.00000044
  0.00000880
  0.00000064
  0.00000032
  0.00000054
  0.00000061
  0.00000049
  0.00000075
  0.00000120
  0.00000029
  0.00000022
  0.00001624
  0.00000104
  0.00000032
  0.00000630
  0.00000025
  0.00000057
  0.00000032
  0.00000040
  0.00000052
  0.00001036
  0.00000728
  0.00000085
  0.00000072
  0.00000100
  0.00000014
  0.00000113
  0.00000052
  0.00000082
  0.00001133
  0.00000367
  0.00000161
  0.00000652
  0.00000079
  0.00000053
  0.00000058
  0.00000062
  0.00001678
  0.00000057
  0.00000087
  0.00000036
  0.00000083
  0.00000019
  0.00000051
  0.00000058
  0.00000048
  0.00000074
  0.00000041
  0.00000057
  0.00000021
  0.00000058
  0.00000016
  0.00000059
  0.00000028
  0.00000040
  0.00000035
  0.00000021
  0.00000047
  0.00000022
  0.00000792
  0.00001528
  0.00000126
  0.00000039
  0.00000094
  0.00000052
  0.00000087
  0.00001478
  0.00000043
  0.00000043
  0.00000038
  0.00000019
  0.00000055
  0.00000024
  0.00000040
  0.00001327
  0.00000088
  0.00000041
  0.00000051
  0.00000057
  0.00000024
  0.00000070
  0.00000036
  0.00000036
  0.00000027
  0.00000032
  0.00000039
  0.00001744
  0.00000048
  0.00000610
  0.00000025
  0.00000775
  0.00000622
  0.00000074
  0.00000033
  0.00000499
  0.00000081
  0.00000042
  0.00000072
  0.00000033
  0.00000031
  0.00000028
  0.00000904
  0.00000060
  0.00000047
  0.00000059
  0.00001866
  0.00000108
  0.00000920
  0.00000019
  0.00000077
  0.00000067
  0.00000059
  0.00000069
  0.00000040
  0.00000024
  0.00000037
  0.00000568
  0.00001062
  0.00000047
  0.00000025
  0.00000041
  0.00000016
  0.00000163
  0.00000036
  0.00000039
  0.00000039
  0.00000023
  0.00000061
  0.00000028
  0.00000030
  0.00000018
  0.00000022
  0.00000141
  0.00000027
  0.00000027
  0.00000019
  0.00000025
  0.00000039
  0.00000020
  0.00000032
  0.00000020
  0.00001663
  0.00000934
  0.00000083
  0.00000064
  0.00000108
  0.00000037
  0.00000085
  0.00000018
  0.00000067
  0.00000033
  0.00000687
  0.00000093
  0.00000014
  0.00000090
  0.00000025
  0.00000046
  0.00000057
  0.00000035
  0.00000043
  0.00000016
  0.00000049
  0.00001061
  0.00000023
  0.00000142
  0.00000096
  0.00000045
  0.00002777
  0.00001705
  0.00000197
  0.00000103
  0.00000225
  0.00000124
  0.00000168
  0.00000143
  0.00003576
  0.00000048
  0.00000152
  0.00000044
  0.00001560
  0.00001722
  0.00000317
  0.00000057
  0.00000207
  0.00000835
  0.00000248
  0.00000158
  0.00001128
  0.00000090
  0.00000056
  0.00000084
  0.00000026
  0.00000072
  0.00000018
  0.00000071
  0.00001793
  0.00000033
  0.00000020
  0.00001623
  0.00000073
  0.00000047
  0.00001881
  0.00000064
  0.00000102
  0.00000103
  0.00000147
  0.00003360
  0.00000249
  0.00001357
  0.00000999
  0.00000845
  0.00001924
  0.00000298
  0.00000117
  0.00000260
  0.00000125
  0.00001819
  0.00000307
  0.00000084
  0.00000381
  0.00001126
  0.00000453
  0.00000203
  0.00000190
  0.00000303
  0.00000054
  0.00001244
  0.00000062
  0.00001585
  0.00000095
  0.00000119
  0.00001132
  0.00000067
  0.00001540
  0.00000048
  0.00001169
  0.00000118
  0.00000831
  0.00000443
  0.00000033
  0.00000086
  0.00000049
  0.00000066
  0.00000078
  0.00000047
  0.00001332
  0.00000065
  0.00000019
  0.00001068
  0.00000040
  0.00000054
  0.00000036
  0.00000051
  0.00000497
  0.00000051
  0.00000064
  0.00000915
  0.00000020
  0.00000346
  0.00000595
  0.00003467
  0.00001406
  0.00000186
  0.00000123
  0.00000789
  0.00000061
  0.00000140
  0.00000058
  0.00000078
  0.00000084
  0.00000060
  0.00000098
  0.00000039
  0.00000053
  0.00000076
  0.00000049
  0.00000058
  0.00000030
  0.00000049
  0.00000043
  0.00000419
  0.00000065
  0.00000047
  0.00000063
  0.00000326
  0.00000072
  0.00000062
  0.00000058
  0.00000092
  0.00000018
  0.00000072
  0.00000029
  0.00001701
  0.00000045
  0.00000099
  0.00001821
  0.00000042
  0.00000062
  0.00000416
  0.00002461
  0.00000236
  0.00001747
  0.00000128
  0.00000074
  0.00000078
  0.00000082
  0.00002112
  0.00000496
  0.00000936
  0.00000103
  0.00000646
  0.00000040
  0.00000116
  0.00000059
  0.00000100
  0.00000094
  0.00000048
  0.00000107
  0.00000084
  0.00000096
  0.00000036
  0.00000059
  0.00000069
  0.00003133
  0.00000091
  0.00000039
  0.00000051
  0.00000060
  0.00001264
  0.00000277
  0.00000080
  0.00000178
  0.00000135
  0.00000069
  0.00000593
  0.00003642
  0.00000062
  0.00001783
  0.00000028
  0.00000041
  0.00000023
  0.00001764
  0.00000096
  0.00000086
  0.00000419
  0.00000087
  0.00000073
  0.00000057
  0.00000046
  0.00000039
  0.00000025
  0.00000025
  0.00000030
  0.00000026
  0.00000034
  0.00000035
  0.00000474
  0.00000046
  0.00001547
  0.00001964
  0.00000082
  0.00000048
  0.00000063
  0.00002108
  0.00000217
  0.00000125
  0.00000181
  0.00000073
  0.00000872
  0.00000198
  0.00000036
  0.00000190
  0.00000034
  0.00000133
  0.00000800
  0.00000053
  0.00000100
  0.00000026
  0.00000645
  0.00000095
  0.00001214
  0.00000053
  0.00000061
  0.00000799
  0.00000829
  0.00000054
  0.00000049
  0.00000050
  0.00000140
  0.00000070
  0.00000034
  0.00000058
  0.00001919
  0.00000159
  0.00000052
  0.00000072
  0.00000078
  0.00000034
  0.00000109
  0.00000030
  0.00000101
  0.00000020
  0.00000091
  0.00000948
  0.00000024
  0.00000044
  0.00000025
  0.00000040
  0.00000031
  0.00000033
  0.00000032
  0.00000019
  0.00000027
  0.00000024
  0.00000024
  0.00000031
  0.00000034
  0.00000033
  0.00000034
  0.00000039
  0.00000016
  0.00001704
  0.00000110
  0.00002473
  0.00000038
  0.00000055
  0.00000086
  0.00000072
  0.00000066
  0.00000054
  0.00000023
  0.00000029
  0.00000045
  0.00000062
  0.00000036
  0.00001251
  0.00000072
  0.00000038
  0.00000035
  0.00000046
  0.00003812
  0.00000391
  0.00000733
  0.00000823
  0.00000098
  0.00000524
  0.00000227
  0.00000081
  0.00002753
  0.00000438
  0.00000219
  0.00001358
  0.00000086
  0.00000032
  0.00000506
  0.00000098
  0.00000040
  0.00000119
  0.00000043
  0.00000080
  0.00000049
  0.00000043
  0.00000541
  0.00001919
  0.00002098
  0.00000101
  0.00000146
  0.00000975
  0.00000152
  0.00000258
  0.00000123
  0.00000275
  0.00000148
  0.00000107
  0.00000158
  0.00000063
  0.00000843
  0.00000064
  0.00001011
  0.00000108
  0.00000095
  0.00000163
  0.00000072
  0.00000156
  0.00000037
  0.00000145
  0.00000843
  0.00001401
  0.00000370
  0.00003015
  0.00001052
  0.00000154
  0.00001809
  0.00001000
  0.00000091
  0.00000109
  0.00000079
  0.00000035
  0.00001012
  0.00000466
  0.00000038
  0.00000074
  0.00000041
  0.00000055
  0.00000031
  0.00000996
  0.00000040
  0.00000040
  0.00000034
  0.00000046
  0.00000033
  0.00000516
  0.00000056
  0.00000035
  0.00000046
  0.00000049
  0.00000029
  0.00000054
  0.00000020
  0.00000047
  0.00000026
  0.00000031
  0.00000042
  0.00000020
  0.00002568
  0.00000089
  0.00000078
  0.00000042
  0.00000129
  0.00000369
  0.00004433
  0.00000324
  0.00000039
  0.00002583
  0.00000036
  0.00000254
  0.00000043
  0.00002004
  0.00000028
  0.00000076
  0.00000961
  0.00000038
  0.00000081
  0.00000053
  0.00001095
  0.00000096
  0.00000026
  0.00000083
  0.00002835
  0.00000316
  0.00000589
  0.00000110
  0.00000207
  0.00000043
  0.00000239
  0.00000038
  0.00000164
  0.00000086
  0.00000076
  0.00000099
  0.00000029
  0.00000120
  0.00000026
  0.00001564
  0.00000122
  0.00000042
  0.00000407
  0.00000317
  0.00000238
  0.00000070
  0.00000139
  0.00000962
  0.00000140
  0.00000122
  0.00002976
  0.00000039
  0.00000029
  0.00001426
  0.00000805
  0.00000615
  0.00002002
  0.00000915
  0.00000070
  0.00000086
  0.00000091
  0.00000049
  0.00001591
  0.00000071
  0.00000041
  0.00002195
  0.00001022
  0.00000131
  0.00001424
