  0.56466266
  0.42343207
  0.39476852
  0.36210148
  0.34135567
  0.43814360
  0.37323697
  0.36063317
  0.59276957
  0.40594733
  0.58281118
  0.37610527
  0.36413823
  0.53030647
  0.35502223
  0.46267011
  0.64850162
  0.42168661
  0.40432809
  0.38354777
  0.46238216
  0.38324192
  0.71725670
  0.57999309
  0.39671435
  0.38775850
  0.39490433
  0.47998163
  0.39396751
  0.46163482
  0.43970158
  0.42695474
  0.40328681
  0.50618977
  0.51543981
  0.51882108
  0.43186429
  0.51723383
  0.44812504
  0.45160488
  0.57782255
  0.46258986
  0.51223538
  0.45678450
  0.46811724
  0.63128276
  0.48912286
  0.46852458
  0.56645016
  0.43975570
