  0.00561506
  0.00040878
  0.00379707
  0.00097402
  0.00068720
  0.00005291
  0.00268535
  0.00118291
  0.00054799
  0.00018728
  0.00138833
  0.00037263
  0.00124428
  0.00080100
  0.00189443
  0.00056014
  0.00009512
  0.00014342
  0.00018760
  0.00013443
  0.00035155
  0.00012237
  0.00020737
  0.00273699
  0.00054706
  0.00228288
  0.00226375
  0.00143585
  0.00024125
  0.00067781
  0.00048186
  0.00012607
  0.00206584
  0.00104548
  0.00013584
  0.00071762
  0.01325340
  0.00008782
  0.00011291
  0.00009774
  0.00241176
  0.00029821
  0.00028595
  0.00019998
  0.00012025
  0.00010544
  0.00040435
  0.00013224
  0.00926056
  0.00020555
  0.00429127
  0.00033059
  0.00053531
  0.00033786
  0.00032668
  0.00038813
  0.00018647
  0.00638533
  0.00147989
  0.00220152
  0.00021391
  0.00213100
  0.00044664
  0.00110881
  0.00854457
  0.00074415
  0.00045906
  0.00024000
  0.00026126
  0.00012814
  0.00340666
  0.00524905
  0.00102086
  0.00310163
  0.00451708
  0.00091329
  0.00054791
  0.00071638
  0.00438187
  0.00012955
  0.00040948
  0.00029302
  0.00032360
  0.00038654
  0.00057255
  0.00035266
  0.00855106
  0.00034046
  0.00038088
  0.00265558
  0.00044564
  0.00432166
  0.00181337
  0.00052510
  0.00029972
  0.00030533
  0.00073620
  0.00028251
  0.00017989
  0.00024749
  0.00014323
  0.00047668
  0.00040809
  0.01252750
  0.00571460
  0.00391455
  0.00045042
  0.00602969
  0.00063900
  0.00178788
  0.00114252
  0.00069402
  0.00041345
  0.00032604
  0.00868411
  0.00041158
  0.00055534
  0.00049803
  0.00037956
  0.00554937
  0.00064188
  0.00365236
  0.00041914
  0.00076060
  0.00058112
  0.00040995
  0.00006997
  0.00007959
  0.00017631
  0.00628865
  0.00006702
  0.00018260
  0.00478037
  0.00011903
  0.00057507
  0.00020236
  0.00537274
  0.00027239
  0.00035198
  0.00051036
  0.00517831
  0.00075747
  0.00024995
  0.00015339
  0.00017990
  0.00568865
  0.00019636
  0.00238784
  0.00010113
  0.00081501
  0.00347797
  0.00014074
  0.00037773
  0.00100187
  0.00209588
  0.00023597
  0.00027960
  0.00054873
  0.00014383
  0.00009925
  0.00070890
  0.00018051
  0.00025539
  0.00018554
  0.00112313
  0.00058651
  0.00019255
  0.00068629
  0.00009462
  0.00287043
  0.00431025
  0.00018594
  0.00095453
  0.00028892
  0.00289953
  0.00015808
  0.00044012
  0.00015355
  0.00065935
  0.00012887
  0.00532792
  0.00014231
  0.00032742
  0.00625953
  0.00020224
  0.00595003
  0.00025138
  0.00035625
  0.00059272
  0.00013161
  0.00035344
  0.00030135
  0.00007855
  0.00582647
  0.00069143
  0.00043696
  0.00506050
  0.00016443
  0.00053368
  0.00033635
  0.00077982
  0.00779218
  0.00060897
  0.00010012
  0.00004970
  0.00005157
  0.00016747
  0.00357677
  0.00139777
  0.00029746
  0.00048312
  0.00041455
  0.00066478
  0.00019195
  0.00193147
  0.00545644
  0.00040181
  0.00546606
  0.00667101
  0.00035010
  0.00077111
  0.00144096
  0.00101598
  0.00013235
  0.00838729
  0.00019249
  0.00528752
  0.00138554
  0.00141466
  0.00177677
  0.00583655
  0.00027651
  0.00017024
  0.00007044
  0.00017267
  0.00004818
  0.00042681
  0.00014015
  0.00129074
  0.00037207
  0.00034040
  0.00495374
  0.00163808
  0.00018827
  0.00006767
  0.00030677
  0.00143524
  0.00080331
  0.00084913
  0.00035270
  0.00009460
  0.00022115
  0.00009823
  0.00028090
  0.00044504
  0.00006003
  0.00350461
  0.00037342
  0.00363293
  0.00171087
  0.00017508
  0.00007095
  0.00796396
  0.00003825
  0.00135196
  0.00006318
  0.00014916
  0.00128655
  0.00142054
  0.00254868
  0.00175529
  0.00007560
  0.00114455
  0.00023259
  0.00009519
  0.00076433
  0.00131010
  0.00046566
  0.00032575
  0.00299453
  0.00068441
  0.00459283
  0.00362651
  0.00045936
  0.00020593
  0.00347915
  0.00422978
  0.00028319
  0.00019315
  0.00047286
  0.00005507
  0.00086154
  0.00110286
  0.00002370
  0.00671935
  0.00027244
  0.00026022
  0.00185484
  0.00042645
  0.00049032
  0.00374718
  0.00006329
  0.00023826
  0.00379987
  0.00021659
  0.00090671
  0.00003378
  0.00113547
  0.00111419
  0.00287352
  0.00061177
  0.00033604
  0.00180592
  0.00142171
  0.00283287
  0.00001296
  0.00019812
  0.00050513
  0.00013698
  0.00026110
  0.00014422
  0.00012178
  0.00002743
  0.00018555
  0.00006624
  0.00007695
  0.00309664
  0.00011462
  0.00103996
  0.00042327
  0.00362286
  0.00312748
  0.00163589
  0.00046618
  0.00026317
  0.00018043
  0.00041181
  0.00034487
  0.00128561
  0.00345257
  0.00005409
  0.00303173
  0.00013112
  0.00022605
  0.00171453
  0.00334590
  0.00034922
  0.00327059
  0.00012994
  0.00091570
  0.00024246
  0.00373108
  0.00005671
  0.00022175
  0.00033258
  0.00030404
  0.00284477
  0.00159806
  0.00500048
  0.00109770
  0.00011699
  0.00003931
  0.00016465
  0.00003673
  0.00518036
  0.00271290
  0.00054012
  0.00002255
  0.00006371
  0.00264591
  0.00113948
  0.00127645
  0.00022433
  0.00011221
  0.00018015
  0.00090283
  0.00077220
  0.00011710
  0.00183941
  0.00024166
  0.00030555
  0.00021894
  0.00013243
  0.00329072
  0.00015881
  0.00014500
  0.00085472
  0.00003595
  0.00424427
  0.00014979
  0.00008211
  0.00007984
  0.00295699
  0.00010936
  0.00003238
  0.00531754
  0.00015882
  0.00004576
  0.00026563
  0.00002393
  0.00500589
  0.00038535
  0.00104049
  0.00112179
  0.00260272
  0.00015012
  0.00011394
  0.00006584
  0.00038033
  0.00011386
  0.00016070
  0.00029070
  0.00005369
  0.00170264
  0.00012354
  0.00008646
  0.00272155
  0.00455609
  0.00000985
  0.00004138
  0.00007206
  0.00012138
  0.00007762
  0.00035822
  0.00015032
  0.00024652
  0.00018195
  0.00016568
  0.00104607
  0.00084861
  0.00006807
  0.00078757
  0.00263530
  0.00020599
  0.00039128
  0.00255583
  0.00011541
  0.00078683
  0.00102613
  0.00062947
  0.00055580
  0.00009883
  0.00308341
  0.00025581
  0.00247623
  0.00059789
  0.00008705
  0.00004038
  0.00009330
  0.00051768
  0.00248785
  0.00009270
  0.00015792
  0.00060196
  0.00014477
  0.00375446
  0.00014939
  0.00102332
  0.00012353
  0.00026363
  0.00002631
  0.00026200
  0.00226397
  0.00017461
  0.00064596
  0.00008492
  0.00062597
  0.00227582
  0.00033986
  0.00010474
  0.00015465
  0.00270128
  0.00283563
  0.00432259
  0.00054962
  0.00005377
  0.00250993
  0.00010318
  0.00002887
  0.00006154
  0.00079996
  0.00219799
  0.00073819
  0.00203007
  0.00009139
  0.00209545
  0.00076746
  0.00020845
  0.00029906
  0.00049697
  0.00002600
  0.00003008
  0.00308664
  0.00060736
  0.00000442
  0.00255551
  0.00011874
  0.00089551
  0.00005110
  0.00223351
  0.00049155
  0.00017596
  0.00019219
  0.00004421
  0.00008878
  0.00097235
  0.00097310
  0.00109131
  0.00001352
  0.00042573
  0.00337212
  0.00008408
  0.00019670
  0.00001540
  0.00007746
  0.00118661
  0.00033273
  0.00017922
  0.00095027
  0.00179909
  0.00002239
  0.00012276
  0.00147062
  0.00200428
  0.00280205
  0.00193789
  0.00002461
  0.00011235
  0.00338250
  0.00012809
  0.00073983
  0.00062967
  0.00007212
  0.00001418
  0.00116402
  0.00051050
  0.00041379
  0.00016375
  0.00006355
  0.00002917
  0.00006656
  0.00019309
  0.00003784
  0.00028166
  0.00011639
  0.00347075
  0.00017996
  0.00003266
  0.00015945
  0.00059576
  0.00357905
  0.00196318
  0.00045986
  0.00225554
  0.00034653
  0.00296564
  0.00009992
  0.00172577
  0.00002978
  0.00017833
  0.00004827
  0.00006839
  0.00027798
  0.00004622
  0.00156834
  0.00226691
  0.00008467
  0.00014067
  0.00009593
  0.00000818
  0.00003456
  0.00159311
  0.00002697
  0.00005508
  0.00023794
  0.00010468
  0.00004236
  0.00058124
  0.00003899
  0.00167339
  0.00231346
  0.00007752
  0.00227745
  0.00335665
  0.00057765
  0.00004829
  0.00301967
  0.00089792
  0.00005554
  0.00002608
  0.00001766
  0.00176130
  0.00003414
  0.00147101
  0.00082489
  0.00067243
  0.00044422
  0.00006790
  0.00014050
  0.00002678
  0.00167298
  0.00004445
  0.00059333
  0.00011347
  0.00001970
  0.00033363
  0.00008085
  0.00005446
  0.00047665
  0.00072685
  0.00002480
  0.00001812
  0.00007083
  0.00070392
  0.00009422
  0.00158365
  0.00002857
  0.00152773
  0.00044386
  0.00007643
  0.00024482
  0.00003850
  0.00048974
  0.00023983
  0.00050507
  0.00155057
  0.00015537
  0.00040931
  0.00119495
  0.00001976
  0.00209395
  0.00006448
  0.00007164
  0.00001886
  0.00215006
  0.00065987
  0.00076193
  0.00013438
  0.00010316
  0.00090611
  0.00048404
  0.00028465
  0.00008034
  0.00001814
  0.00007729
  0.00075962
  0.00044515
  0.00034727
  0.00004144
  0.00005192
  0.00020558
  0.00011418
  0.00197294
  0.00005542
  0.00202560
  0.00005847
  0.00148433
  0.00040816
  0.00066947
  0.00044682
  0.00020333
  0.00170724
  0.00013508
  0.00001681
  0.00156187
  0.00029031
  0.00001854
  0.00156796
  0.00314978
  0.00003910
  0.00004067
  0.00067662
  0.00156772
  0.00136361
  0.00053734
  0.00035876
  0.00009840
  0.00137118
  0.00014242
  0.00009725
  0.00006132
  0.00006900
  0.00001746
  0.00014253
  0.00045406
  0.00230307
  0.00007999
  0.00019397
  0.00006130
  0.00047027
  0.00032800
  0.00064627
  0.00006252
  0.00114560
  0.00039010
  0.00194879
  0.00010403
  0.00120906
  0.00005166
  0.00004728
  0.00023109
  0.00031661
  0.00042583
  0.00137169
  0.00006478
  0.00019764
  0.00008237
  0.00138779
  0.00111416
  0.00058406
  0.00153826
  0.00004059
  0.00010030
  0.00004985
  0.00019990
  0.00025548
  0.00003941
  0.00243105
  0.00043220
  0.00233935
  0.00152792
  0.00019954
  0.00145864
  0.00014365
  0.00032812
  0.00145207
  0.00227009
  0.00135464
  0.00003185
  0.00003568
  0.00048065
  0.00023681
  0.00039779
  0.00011093
  0.00004517
  0.00142697
  0.00005997
  0.00032426
  0.00032315
  0.00136205
  0.00001665
  0.00027184
  0.00111409
  0.00039636
  0.00001464
  0.00133723
  0.00018113
  0.00047201
  0.00011550
  0.00034923
  0.00002814
  0.00003215
  0.00020660
  0.00397069
  0.00079847
  0.00131104
  0.00001527
  0.00006802
  0.00003192
  0.00029769
  0.00043221
  0.00030156
  0.00044851
  0.00161037
  0.00049980
  0.00003074
  0.00010980
  0.00042410
  0.00001762
  0.00008555
  0.00010909
  0.00013990
  0.00013787
  0.00022516
  0.00004776
  0.00014815
  0.00123816
  0.00002488
  0.00006116
  0.00264872
  0.00010976
  0.00069993
  0.00125357
  0.00007608
  0.00261281
  0.00026830
  0.00010308
  0.00005044
  0.00126437
  0.00157847
  0.00146634
  0.00194801
  0.00021189
  0.00010111
  0.00038981
  0.00009672
  0.00022326
  0.00015864
  0.00150807
  0.00009591
  0.00131169
  0.00128945
  0.00013585
  0.00114514
  0.00003280
  0.00007251
  0.00052832
  0.00001740
  0.00141945
  0.00036924
  0.00269647
  0.00001631
  0.00032259
  0.00113802
  0.00010438
  0.00138132
  0.00156492
  0.00085210
  0.00004956
  0.00007366
  0.00139034
  0.00098599
  0.00006022
  0.00006478
  0.00003561
  0.00028208
  0.00006809
  0.00038285
  0.00002911
  0.00008481
  0.00086926
  0.00006335
  0.00026905
  0.00004978
  0.00122885
  0.00048818
  0.00088022
  0.00003557
  0.00013532
  0.00156379
  0.00033235
  0.00014539
  0.00135519
  0.00013685
  0.00116064
  0.00057446
  0.00002501
  0.00009751
  0.00008695
  0.00010316
  0.00016166
  0.00008438
  0.00116924
  0.00009573
  0.00003093
  0.00014355
  0.00102664
  0.00028860
  0.00125623
  0.00001831
  0.00122195
  0.00032487
  0.00048676
  0.00006126
  0.00007500
  0.00005586
  0.00004441
  0.00143302
  0.00107079
  0.00009463
  0.00006281
  0.00107359
  0.00002580
  0.00003182
  0.00065837
  0.00114068
  0.00113473
  0.00004662
  0.00006265
  0.00004034
  0.00001042
  0.00009928
  0.00059239
  0.00006425
  0.00009867
  0.00008619
  0.00120285
  0.00111895
  0.00043440
  0.00136713
  0.00112488
  0.00094289
  0.00004324
  0.00005345
  0.00108409
  0.00112229
  0.00048593
  0.00002306
  0.00002509
  0.00040437
  0.00002598
  0.00035744
  0.00029420
  0.00011200
  0.00054062
  0.00052089
  0.00028783
  0.00008714
  0.00015335
  0.00009019
  0.00007481
  0.00126926
  0.00001679
  0.00011137
  0.00009488
  0.00007663
  0.00210353
  0.00039196
  0.00004947
  0.00005236
  0.00032771
  0.00007488
  0.00052185
  0.00005148
  0.00111497
  0.00007836
  0.00006861
  0.00004339
  0.00007266
  0.00025716
  0.00006015
  0.00013748
  0.00008129
  0.00004544
  0.00094843
  0.00004393
  0.00019403
  0.00119152
  0.00021270
  0.00024371
  0.00022001
  0.00022986
  0.00032490
  0.00016068
  0.00030515
  0.00007892
  0.00028754
  0.00004389
  0.00072556
  0.00107525
  0.00022378
  0.00159014
  0.00028448
  0.00004837
  0.00022641
  0.00010309
  0.00114453
  0.00004214
  0.00004993
  0.00005382
  0.00006658
  0.00110812
  0.00106101
  0.00214841
  0.00006680
  0.00004648
  0.00005210
  0.00120991
  0.00005889
  0.00023406
  0.00110010
  0.00117472
  0.00041236
  0.00037437
  0.00011562
  0.00007133
  0.00032735
  0.00121859
  0.00010966
  0.00107973
  0.00010955
  0.00011969
  0.00079521
  0.00114126
  0.00006494
  0.00007047
  0.00021986
  0.00023099
  0.00315446
  0.00004103
  0.00128201
  0.00002037
  0.00010718
  0.00019062
  0.00010668
  0.00233321
  0.00004681
  0.00004684
  0.00167124
  0.00106205
  0.00025033
  0.00010636
  0.00016917
  0.00004341
  0.00022529
  0.00057806
  0.00012263
  0.00005431
  0.00089155
  0.00010394
  0.00012718
  0.00222424
  0.00117387
  0.00011748
  0.00014314
  0.00073723
  0.00002930
  0.00025822
  0.00010333
  0.00011004
  0.00203300
  0.00029253
  0.00018769
  0.00028337
  0.00108096
  0.00011435
  0.00008152
  0.00027761
  0.00014892
  0.00197397
  0.00025531
  0.00003936
  0.00010633
  0.00025405
  0.00093379
  0.00121205
  0.00006586
  0.00066656
  0.00008065
  0.00009515
  0.00107621
  0.00008708
  0.00109503
  0.00122206
  0.00101217
  0.00005634
  0.00006414
  0.00022142
  0.00021013
  0.00017033
  0.00050870
  0.00028540
  0.00145914
  0.00003229
  0.00022908
  0.00045361
  0.00107206
  0.00109632
  0.00061006
  0.00016675
  0.00116923
  0.00030862
  0.00023540
  0.00172027
  0.00168521
  0.00104639
  0.00126480
  0.00029487
  0.00022993
  0.00019771
  0.00088501
  0.00011867
  0.00105784
  0.00033367
  0.00103881
  0.00107293
  0.00019221
  0.00010754
  0.00008412
  0.00016674
  0.00110366
  0.00009268
  0.00004105
  0.00102138
  0.00107294
  0.00006202
  0.00020727
  0.00026820
  0.00010761
  0.00016696
  0.00100231
  0.00066927
  0.00121309
  0.00122783
  0.00021028
  0.00106901
  0.00015197
  0.00004481
  0.00006054
  0.00011271
  0.00109012
  0.00019464
  0.00037107
  0.00009438
  0.00009132
  0.00020680
  0.00100073
  0.00008588
  0.00014429
  0.00007058
  0.00102108
  0.00046392
  0.00023162
  0.00029485
  0.00095228
  0.00096906
  0.00080975
  0.00112745
  0.00018166
  0.00013679
  0.00010708
  0.00098939
  0.00015678
  0.00026324
  0.00018074
  0.00107192
  0.00015756
  0.00105409
  0.00007727
  0.00019452
  0.00118995
  0.00201920
  0.00104356
  0.00011303
  0.00110926
  0.00100654
  0.00019463
  0.00018846
  0.00029717
  0.00031293
  0.00065545
  0.00030900
  0.00016029
  0.00011649
  0.00106599
  0.00098128
  0.00024052
  0.00014286
  0.00103982
  0.00013081
  0.00027634
  0.00108700
  0.00026122
  0.00093593
  0.00025268
  0.00077679
  0.00203322
  0.00149205
  0.00012122
  0.00024327
  0.00223522
  0.00013132
  0.00035450
  0.00013526
  0.00021543
  0.00018404
  0.00013949
  0.00009215
  0.00015271
  0.00105417
  0.00103544
  0.00013208
  0.00112709
  0.00067209
  0.00261483
  0.00062023
  0.00027908
  0.00060826
  0.00020944
  0.00004729
  0.00030996
  0.00091308
  0.00027742
  0.00259482
  0.00120996
  0.00114502
  0.00013841
  0.00023669
  0.00010177
  0.00022286
  0.00029782
  0.00009048
  0.00027360
  0.00100257
  0.00110043
  0.00014654
  0.00103769
  0.00087906
  0.00162399
  0.00021412
  0.00021097
  0.00012421
  0.00012441
  0.00075955
  0.00030521
  0.00113914
  0.00025625
  0.00111366
  0.00117750
  0.00103646
  0.00019863
  0.00025673
  0.00039536
  0.00032686
  0.00036572
  0.00027225
  0.00014637
  0.00209346
  0.00056947
  0.00011271
  0.00018757
  0.00121185
  0.00112135
  0.00020670
  0.00107991
  0.00008474
  0.00019117
  0.00095656
  0.00110010
  0.00028032
  0.00019322
  0.00013980
  0.00030171
  0.00044602
  0.00186888
  0.00056527
  0.00009582
  0.00012165
  0.00034391
  0.00020157
  0.00104832
  0.00036765
  0.00098954
  0.00104957
  0.00043081
  0.00016491
  0.00023276
  0.00156732
  0.00044542
  0.00102754
  0.00012319
  0.00095118
  0.00104666
  0.00026319
  0.00107688
  0.00098789
  0.00009858
  0.00127025
  0.00009986
  0.00025999
  0.00018144
  0.00030688
  0.00048303
  0.00038103
  0.00015590
  0.00029156
  0.00056466
  0.00013334
  0.00200532
  0.00021452
  0.00018222
  0.00096446
  0.00039504
  0.00107305
  0.00024096
  0.00018087
  0.00081561
  0.00044920
  0.00013896
  0.00099426
  0.00016288
  0.00020473
  0.00112501
  0.00031578
  0.00028531
  0.00015961
  0.00120375
  0.00025058
  0.00109347
  0.00105291
  0.00020145
  0.00023970
  0.00114207
  0.00034003
  0.00008699
  0.00029930
  0.00070549
  0.00030745
  0.00031463
  0.00196418
  0.00109959
  0.00126842
  0.00012195
  0.00119715
  0.00034470
  0.00101931
  0.00027955
  0.00028268
  0.00026336
  0.00018317
  0.00020638
  0.00124194
  0.00070679
  0.00028645
  0.00052522
  0.00034399
  0.00122383
  0.00015589
  0.00027284
  0.00030523
  0.00104732
  0.00160975
  0.00024261
  0.00031042
  0.00120525
  0.00007534
  0.00034408
  0.00100992
  0.00042652
  0.00035749
  0.00016411
  0.00021901
  0.00190741
  0.00018769
  0.00025948
  0.00111335
  0.00044605
  0.00038061
  0.00016430
  0.00043785
  0.00043045
  0.00141929
  0.00025588
  0.00138439
  0.00104359
  0.00033588
  0.00017891
  0.00106187
  0.00026322
  0.00031236
  0.00016579
  0.00064471
  0.00109346
  0.00037650
  0.00116913
  0.00019756
  0.00010647
  0.00036908
  0.00123927
  0.00040096
  0.00017178
  0.00120516
  0.00113301
  0.00026397
  0.00022731
  0.00066936
  0.00114188
  0.00111413
  0.00039868
  0.00188301
  0.00022307
  0.00234428
  0.00062125
  0.00018899
  0.00024225
  0.00033133
  0.00119700
  0.00066431
  0.00040430
  0.00183659
  0.00013629
  0.00037789
  0.00038166
  0.00030990
  0.00034674
  0.00107048
  0.00017504
  0.00111285
  0.00163578
  0.00108583
  0.00115144
  0.00013785
  0.00013297
  0.00044379
  0.00126080
  0.00041294
  0.00055421
  0.00126880
  0.00190402
  0.00040850
  0.00028161
  0.00035762
  0.00032128
  0.00025884
  0.00028053
  0.00139676
  0.00043677
  0.00127023
  0.00091252
  0.00029969
  0.00124499
  0.00045417
  0.00021622
  0.00038685
  0.00037707
  0.00003100
  0.00031925
  0.00028708
  0.00065796
  0.00025498
  0.00114469
  0.00098298
  0.00015994
  0.00120481
  0.00104156
  0.00032804
  0.00095285
  0.00136743
  0.00038033
  0.00136888
  0.00026306
  0.00032548
  0.00107678
  0.00032704
  0.00116775
  0.00035490
  0.00025810
  0.00050369
  0.00130779
  0.00098329
  0.00136194
  0.00027731
  0.00119151
  0.00066731
  0.00083588
  0.00109106
  0.00033151
  0.00082353
  0.00055995
  0.00033708
  0.00050985
  0.00030113
  0.00011054
  0.00044554
  0.00039626
  0.00120853
  0.00115841
  0.00031126
  0.00036670
  0.00022482
  0.00051098
  0.00037507
  0.00027415
  0.00043981
  0.00050822
  0.00050348
  0.00120715
  0.00099719
  0.00129445
  0.00123470
  0.00202694
  0.00044229
  0.00030674
  0.00141389
  0.00026596
  0.00058499
  0.00052279
  0.00059829
  0.00142365
  0.00037427
  0.00042564
  0.00054986
  0.00039905
  0.00064279
  0.00040775
  0.00032706
  0.00034303
  0.00121509
  0.00205611
  0.00106039
  0.00039799
  0.00038368
  0.00121985
  0.00143098
  0.00126860
  0.00019145
  0.00039361
  0.00046578
  0.00038534
  0.00060414
  0.00014359
  0.00192749
  0.00053536
  0.00107323
  0.00027774
  0.00129865
  0.00143528
  0.00117853
  0.00039417
  0.00127281
  0.00042511
  0.00229496
  0.00040306
  0.00038119
  0.00026333
  0.00134689
  0.00118641
  0.00090067
  0.00123197
  0.00046100
  0.00063562
  0.00057573
  0.00066954
  0.00103000
  0.00049101
  0.00059451
  0.00037509
  0.00121144
  0.00037171
  0.00045256
  0.00142686
  0.00031695
  0.00096922
  0.00057103
  0.00256657
  0.00125837
  0.00063786
  0.00127542
  0.00068974
  0.00205888
  0.00027133
  0.00058744
  0.00031614
  0.00066912
  0.00041541
  0.00038161
  0.00051591
  0.00043858
  0.00060305
  0.00055494
  0.00042924
  0.00046961
  0.00050689
  0.00034827
  0.00099104
  0.00037467
  0.00047360
  0.00125093
  0.00082884
  0.00096620
  0.00059825
  0.00108291
  0.00058565
  0.00133911
  0.00039985
  0.00049971
  0.00046065
  0.00054204
  0.00037663
  0.00030626
  0.00119209
  0.00137223
  0.00142727
  0.00102424
  0.00058543
  0.00062251
  0.00049290
  0.00038905
  0.00125489
  0.00058424
  0.00154338
  0.00200487
  0.00226426
  0.00148818
  0.00147490
  0.00087992
  0.00142978
  0.00055468
  0.00065533
  0.00035394
  0.00043191
  0.00056750
  0.00108691
  0.00021766
  0.00066211
  0.00024447
  0.00218679
  0.00080776
  0.00076159
  0.00046789
  0.00154797
  0.00047690
  0.00057489
  0.00035668
  0.00053661
  0.00021218
  0.00062861
  0.00061112
  0.00097665
  0.00041568
  0.00133114
  0.00250125
  0.00072521
  0.00098996
  0.00157675
  0.00027950
  0.00141693
  0.00074656
  0.00047174
  0.00064975
  0.00060189
  0.00142278
  0.00062262
  0.00049944
  0.00044514
  0.00055488
  0.00010562
  0.00066926
  0.00061977
  0.00057087
  0.00046654
  0.00053695
  0.00056132
  0.00183809
  0.00068585
  0.00071788
  0.00137234
  0.00033196
  0.00055153
  0.00112912
  0.00059665
  0.00034121
  0.00088099
  0.00122089
  0.00049634
  0.00059103
  0.00062102
  0.00066095
  0.00131057
  0.00053629
  0.00042779
  0.00050773
  0.00068109
  0.00022851
  0.00055749
  0.00049416
  0.00082447
  0.00067359
  0.00064624
  0.00060844
  0.00062706
  0.00081825
  0.00059289
  0.00069302
  0.00138358
  0.00126590
  0.00061885
  0.00044869
  0.00226434
  0.00063362
  0.00027402
  0.00053018
  0.00101319
  0.00055910
  0.00030898
  0.00059301
  0.00059054
  0.00173964
  0.00157492
  0.00051373
  0.00152086
  0.00048555
  0.00119847
  0.00227381
  0.00062019
  0.00179065
  0.00024760
  0.00045636
  0.00090706
  0.00055597
  0.00147288
  0.00062766
  0.00100034
  0.00055703
  0.00046867
  0.00063252
  0.00166542
  0.00098718
  0.00040335
  0.00077474
  0.00062454
  0.00067237
  0.00111167
  0.00202393
  0.00060703
  0.00049825
  0.00069200
  0.00113115
  0.00140932
  0.00086415
  0.00123609
  0.00069308
  0.00167997
  0.00059526
  0.00013297
  0.00036848
  0.00036531
  0.00126194
  0.00089794
  0.00028212
  0.00200382
  0.00149397
  0.00078104
  0.00067934
  0.00118641
  0.00076384
  0.00078362
  0.00078813
  0.00150125
  0.00097530
  0.00051179
  0.00109583
  0.00082206
  0.00160169
  0.00100225
  0.00120764
  0.00078185
  0.00156075
  0.00055847
  0.00056502
  0.00141075
  0.00149248
  0.00033737
  0.00109112
  0.00064628
  0.00180848
  0.00063437
  0.00128597
  0.00073918
  0.00125174
  0.00034373
  0.00094204
  0.00093323
  0.00095838
  0.00123964
  0.00071890
  0.00080738
  0.00093669
  0.00101320
  0.00076280
  0.00120908
  0.00053272
  0.00094193
  0.00110112
  0.00122554
  0.00071323
  0.00080347
  0.00074566
  0.00077517
  0.00085765
  0.00101823
  0.00070384
  0.00088846
  0.00101697
  0.00049003
  0.00077116
  0.00130153
  0.00051272
  0.00132285
  0.00102633
  0.00163516
  0.00158676
  0.00129407
  0.00110034
  0.00157621
  0.00054288
  0.00049643
  0.00086018
  0.00104416
  0.00193489
  0.00050639
  0.00080067
  0.00064297
  0.00048062
  0.00093053
  0.00138493
  0.00083250
  0.00086482
  0.00163942
  0.00164604
  0.00156082
  0.00345139
  0.00100893
  0.00149035
  0.00056416
  0.00133695
  0.00211751
  0.00128837
  0.00137315
  0.00067034
  0.00093501
  0.00058907
  0.00061214
  0.00108124
  0.00106149
  0.00052014
  0.00111003
  0.00184932
  0.00078896
  0.00177207
  0.00044035
  0.00046879
  0.00074807
  0.00081326
  0.00185012
  0.00050966
  0.00096284
  0.00095433
  0.00059480
  0.00103911
  0.00089628
  0.00094132
  0.00165751
  0.00175062
  0.00102340
  0.00061998
  0.00081701
  0.00121697
  0.00052044
  0.00061353
  0.00107185
  0.00061325
  0.00276645
  0.00172913
  0.00152747
  0.00234982
  0.00111820
  0.00090168
  0.00101120
  0.00217085
  0.00165597
  0.00230318
  0.00121169
  0.00101619
  0.00137694
  0.00133272
  0.00054648
  0.00092960
  0.00184777
  0.00046745
  0.00219966
  0.00120541
  0.00058032
  0.00089017
  0.00148852
  0.00047742
  0.00104766
  0.00113463
  0.00079961
  0.00142190
  0.00157208
  0.00168064
  0.00076389
  0.00080262
  0.00120820
  0.00119834
  0.00139929
  0.00084155
  0.00065014
  0.00178246
  0.00050249
  0.00144819
  0.00080419
  0.00042039
  0.00077482
  0.00199171
  0.00071016
  0.00082319
  0.00049597
  0.00253271
  0.00071600
  0.00055189
  0.00099157
  0.00051876
  0.00056898
  0.00131864
  0.00092559
  0.00076290
  0.00060572
  0.00180699
  0.00095034
  0.00239269
  0.00381846
  0.00236184
  0.00145950
  0.00091958
  0.00169599
  0.00100218
  0.00134590
  0.00098033
  0.00123386
  0.00270981
  0.00055452
  0.00059184
  0.00143335
  0.00126019
  0.00076974
  0.00135508
  0.00146449
  0.00123663
  0.00057499
  0.00104194
  0.00106981
  0.00108654
  0.00121743
  0.00164391
  0.00127393
  0.00053404
  0.00095728
  0.00094669
  0.00065517
  0.00193853
  0.00094784
  0.00070952
  0.00092515
  0.00095411
  0.00155542
  0.00223094
  0.00245451
  0.00100962
  0.00078381
  0.00103054
  0.00094024
  0.00102755
  0.00076163
  0.00152658
  0.00068814
  0.00079190
  0.00129681
  0.00096119
  0.00075162
  0.00277791
  0.00121757
  0.00100535
  0.00163979
  0.00192111
  0.00121470
  0.00135257
  0.00169626
  0.00126928
  0.00134605
  0.00109250
  0.00173263
  0.00218671
  0.00097502
  0.00079514
  0.00084938
  0.00160787
  0.00087468
  0.00075285
  0.00112503
  0.00210953
  0.00170070
  0.00062916
  0.00067070
  0.00095259
  0.00100861
  0.00154376
  0.00092363
  0.00198506
  0.00215745
  0.00119166
  0.00145361
  0.00104992
  0.00107086
  0.00084992
  0.00087329
  0.00250798
  0.00143842
  0.00214066
  0.00115868
  0.00082256
  0.00178631
  0.00171987
  0.00148687
  0.00211020
  0.00133054
  0.00140394
  0.00115943
  0.00174387
  0.00106961
  0.00114061
  0.00137775
  0.00245084
  0.00239253
  0.00096006
  0.00076069
  0.00089567
  0.00084163
  0.00143844
  0.00195210
  0.00186900
  0.00105853
  0.00209339
  0.00130585
  0.00154446
  0.00228201
  0.00109881
  0.00104473
  0.00221123
  0.00291096
  0.00127484
  0.00095694
  0.00357991
  0.00077607
  0.00099885
  0.00085054
  0.00162216
  0.00181812
  0.00105979
  0.00092666
  0.00192967
  0.00097332
  0.00074680
  0.00042375
  0.00092978
  0.00205597
  0.00171288
  0.00136387
  0.00144609
  0.00143686
  0.00174849
  0.00080212
  0.00115063
  0.00177663
  0.00056960
  0.00128582
  0.00088203
  0.00147826
  0.00100602
  0.00191980
  0.00103354
  0.00211532
  0.00210945
  0.00196060
  0.00093194
  0.00224813
  0.00074315
  0.00092995
  0.00179186
  0.00151279
  0.00084558
  0.00137043
  0.00072200
  0.00216703
  0.00224820
  0.00179689
  0.00091479
  0.00093444
  0.00094138
  0.00140245
  0.00095914
  0.00131956
  0.00125910
  0.00105806
  0.00178999
  0.00124121
  0.00046766
  0.00088659
  0.00172212
  0.00258708
  0.00102058
  0.00139402
  0.00049355
  0.00161811
  0.00188425
  0.00102382
  0.00193008
  0.00103740
  0.00147545
  0.00123106
  0.00115563
  0.00120828
  0.00097611
  0.00106742
  0.00185982
  0.00129765
  0.00074989
  0.00089160
  0.00162545
  0.00148344
  0.00168046
  0.00115966
  0.00226693
  0.00111991
  0.00161303
  0.00284695
  0.00178076
  0.00103190
  0.00151341
  0.00084409
  0.00132137
  0.00299636
  0.00080543
  0.00313089
  0.00113832
  0.00102778
  0.00271427
  0.00158098
  0.00250713
  0.00215992
  0.00150815
  0.00119837
  0.00202117
  0.00103084
  0.00145210
  0.00105755
  0.00085980
  0.00170677
  0.00121629
  0.00069160
  0.00134119
  0.00099337
  0.00132521
  0.00123186
  0.00078016
  0.00221550
  0.00126153
  0.00156217
  0.00085385
  0.00144720
  0.00116517
  0.00164709
  0.00132463
  0.00178577
  0.00230453
  0.00132892
  0.00109436
  0.00172808
  0.00162766
  0.00130938
  0.00178440
  0.00117789
  0.00158129
  0.00074167
  0.00102291
  0.00176471
  0.00223866
  0.00161764
  0.00184517
  0.00178703
  0.00179733
  0.00254534
  0.00174326
  0.00148294
  0.00103386
  0.00115482
  0.00090159
  0.00104812
  0.00181813
  0.00096279
  0.00116875
  0.00276234
  0.00119626
  0.00176569
  0.00228421
  0.00106137
  0.00190642
  0.00227984
  0.00091035
  0.00279650
  0.00219118
  0.00126892
  0.00272613
  0.00104308
  0.00060181
  0.00235219
  0.00251157
  0.00074685
  0.00175570
  0.00128087
  0.00098440
  0.00158785
  0.00166395
  0.00243967
  0.00153316
  0.00178576
  0.00126278
  0.00151565
  0.00185118
  0.00185004
  0.00133919
  0.00143274
  0.00203466
  0.00123717
  0.00217593
  0.00185731
  0.00118696
  0.00142105
  0.00169946
  0.00120079
  0.00121979
  0.00204591
  0.00198134
  0.00131597
  0.00088630
  0.00078588
  0.00176633
  0.00154240
  0.00176196
  0.00141739
  0.00183794
  0.00101506
  0.00173599
  0.00058823
  0.00124917
  0.00153527
  0.00118512
  0.00158839
  0.00135905
  0.00095597
  0.00146543
  0.00151575
  0.00209391
  0.00100151
  0.00089535
  0.00271024
  0.00118768
  0.00149632
  0.00126986
  0.00102008
  0.00177403
  0.00144698
  0.00208482
  0.00197384
  0.00127368
  0.00114818
  0.00161764
  0.00141371
  0.00147552
  0.00197099
  0.00123239
  0.00109540
  0.00098864
  0.00208937
  0.00109694
  0.00162605
  0.00172864
  0.00153969
  0.00176505
  0.00148117
  0.00193476
  0.00178239
  0.00137264
  0.00128008
  0.00128563
  0.00130791
  0.00148219
  0.00159132
  0.00116452
  0.00222264
  0.00138058
  0.00151086
  0.00123607
  0.00247104
  0.00239317
  0.00105112
  0.00172815
  0.00151730
  0.00154993
  0.00095416
  0.00186659
  0.00106027
  0.00116666
  0.00163019
  0.00107368
  0.00114948
  0.00202542
  0.00242325
  0.00264008
  0.00097801
  0.00182477
  0.00041344
  0.00085128
  0.00193999
  0.00095222
  0.00132385
  0.00113503
  0.00203584
  0.00186467
  0.00209471
  0.00227743
  0.00102044
  0.00237588
  0.00115223
  0.00209837
  0.00149382
  0.00151977
  0.00148313
  0.00185140
  0.00114111
  0.00165874
  0.00174728
  0.00202554
  0.00176143
  0.00175407
  0.00260466
  0.00164197
  0.00104333
  0.00295070
  0.00211758
  0.00193401
  0.00134325
  0.00358416
  0.00204707
  0.00066799
  0.00225973
  0.00170870
  0.00143112
  0.00112657
  0.00105229
  0.00124246
  0.00108163
  0.00070028
  0.00143771
  0.00216640
  0.00157903
  0.00345292
  0.00206310
  0.00108521
  0.00130572
  0.00196359
  0.00122382
  0.00341402
  0.00150639
  0.00093336
  0.00237239
  0.00215430
  0.00173090
  0.00100731
  0.00126442
  0.00153213
  0.00132710
  0.00223573
  0.00200841
  0.00143735
  0.00189516
  0.00163556
  0.00177656
  0.00142564
  0.00087419
  0.00170729
  0.00216411
  0.00091354
  0.00220918
  0.00134352
  0.00228938
  0.00105651
  0.00184158
  0.00113051
  0.00174233
  0.00162281
  0.00207811
  0.00154195
  0.00168789
  0.00206125
  0.00116250
  0.00308194
  0.00114719
  0.00104826
  0.00144979
  0.00132398
  0.00157187
  0.00127678
  0.00151894
  0.00203490
  0.00126526
  0.00194855
  0.00204839
  0.00175357
  0.00138438
  0.00128886
  0.00148079
  0.00175083
  0.00145173
  0.00148325
  0.00162503
  0.00123691
  0.00250596
  0.00184222
  0.00117628
  0.00108480
  0.00118830
  0.00114770
  0.00167458
  0.00140264
  0.00233430
  0.00167995
  0.00256226
  0.00091621
  0.00132143
  0.00097615
  0.00123988
  0.00216191
  0.00185967
  0.00103873
  0.00168001
  0.00117935
  0.00171608
  0.00153171
  0.00114228
  0.00202587
  0.00161991
  0.00150393
  0.00259717
  0.00149030
  0.00201390
  0.00138255
  0.00209015
  0.00145372
  0.00189158
  0.00185047
  0.00089817
  0.00130029
  0.00109216
  0.00098169
  0.00231653
  0.00239455
  0.00110230
  0.00186785
  0.00196148
  0.00123685
  0.00305562
  0.00106881
  0.00133874
  0.00212480
  0.00107669
  0.00232459
  0.00108551
  0.00297836
  0.00192853
  0.00131354
  0.00096860
  0.00191968
  0.00167587
  0.00181554
  0.00130078
  0.00183068
  0.00247877
  0.00241939
  0.00122456
  0.00140583
  0.00105751
  0.00178626
  0.00208153
  0.00103664
  0.00228816
  0.00113741
  0.00278159
  0.00151749
  0.00185352
  0.00289728
  0.00219683
  0.00195839
  0.00077492
  0.00108738
  0.00174601
  0.00193334
  0.00249885
  0.00122296
  0.00188141
  0.00180412
  0.00184112
  0.00165767
  0.00282511
  0.00230798
  0.00162432
  0.00169486
  0.00149170
  0.00093809
  0.00232394
  0.00121124
  0.00139172
  0.00145367
  0.00198960
  0.00222952
  0.00119703
  0.00179511
  0.00131780
  0.00192504
  0.00162991
  0.00162717
  0.00136261
  0.00087792
  0.00193509
  0.00315813
  0.00314775
  0.00180388
  0.00245009
  0.00245730
  0.00246336
  0.00093257
  0.00184304
  0.00161774
  0.00170583
  0.00164409
  0.00133749
  0.00272935
  0.00224926
  0.00110248
  0.00187880
  0.00090899
  0.00122096
  0.00293038
  0.00152903
  0.00136070
  0.00295076
  0.00200574
  0.00169458
  0.00224384
  0.00198568
  0.00165563
  0.00103378
  0.00246141
  0.00159959
  0.00113841
  0.00246231
  0.00134246
  0.00179007
  0.00187659
  0.00197226
  0.00175858
  0.00337144
  0.00255779
  0.00227147
  0.00157587
  0.00356588
  0.00141897
  0.00181650
  0.00269666
  0.00293721
  0.00273547
  0.00233964
  0.00100836
  0.00139994
  0.00171455
  0.00121079
  0.00183301
  0.00302408
  0.00157720
  0.00125420
  0.00144243
  0.00181465
  0.00229557
  0.00196680
  0.00100500
  0.00099646
  0.00198964
  0.00167690
  0.00135979
  0.00126856
  0.00164212
  0.00124605
  0.00143062
  0.00177919
  0.00118263
  0.00198821
  0.00190841
  0.00201526
  0.00179282
  0.00146508
  0.00260698
  0.00192384
  0.00182286
  0.00132419
  0.00258818
  0.00103632
  0.00177659
  0.00074980
  0.00171628
  0.00155596
  0.00193574
  0.00180528
  0.00171461
  0.00169190
  0.00118755
  0.00264622
  0.00141210
  0.00101155
  0.00153338
  0.00096926
  0.00225946
  0.00212338
  0.00236108
  0.00139822
  0.00195231
  0.00080252
  0.00211076
  0.00278814
  0.00209697
  0.00187796
  0.00157704
  0.00271071
  0.00143574
  0.00153980
  0.00170215
  0.00066984
  0.00168892
  0.00180211
  0.00177908
  0.00120069
  0.00163207
  0.00261913
  0.00126780
  0.00196741
  0.00158077
  0.00134089
  0.00102460
  0.00121616
  0.00127631
  0.00185446
  0.00073339
  0.00177228
  0.00194890
  0.00134927
  0.00156070
  0.00115191
  0.00166200
  0.00172906
  0.00125993
  0.00137722
  0.00241667
  0.00201095
  0.00234214
  0.00086088
  0.00175403
  0.00208201
  0.00177139
  0.00139682
  0.00302115
  0.00139009
  0.00207345
  0.00157309
  0.00176933
  0.00138462
  0.00128096
  0.00183340
  0.00238092
  0.00168531
  0.00204169
  0.00210769
  0.00242089
  0.00269345
  0.00154501
  0.00324820
  0.00126373
  0.00192129
  0.00102423
  0.00224564
  0.00088273
  0.00252802
  0.00263138
  0.00146861
  0.00173524
  0.00154128
  0.00185603
  0.00174854
  0.00183473
  0.00125409
  0.00198736
  0.00144330
  0.00227819
  0.00199571
  0.00246234
  0.00114159
  0.00313236
  0.00141166
  0.00162539
  0.00157833
  0.00200233
  0.00133197
  0.00150617
  0.00260203
  0.00234848
  0.00301831
  0.00186525
  0.00157895
  0.00160776
  0.00223069
  0.00138196
  0.00190303
  0.00133860
  0.00260904
  0.00208513
  0.00230463
  0.00189201
  0.00193561
  0.00263249
  0.00193231
  0.00285110
  0.00106111
  0.00186931
  0.00182337
  0.00185209
  0.00155004
  0.00140381
  0.00137683
  0.00177903
  0.00146459
  0.00122553
  0.00338156
  0.00130571
  0.00217454
  0.00131461
  0.00153555
  0.00207881
  0.00132472
  0.00180062
  0.00182009
  0.00419123
  0.00136090
  0.00136255
  0.00206142
  0.00187305
  0.00266486
  0.00099558
  0.00202254
  0.00120059
  0.00182153
  0.00253103
  0.00223944
  0.00244830
  0.00170967
  0.00091113
  0.00223120
  0.00194530
  0.00216752
  0.00144125
  0.00143708
  0.00274119
  0.00173131
  0.00200959
  0.00145620
  0.00138139
  0.00172563
  0.00175357
  0.00112102
  0.00284034
  0.00250163
  0.00133154
  0.00179430
  0.00196481
  0.00119401
  0.00280379
  0.00176337
  0.00247539
  0.00119556
  0.00224145
  0.00126174
  0.00312430
  0.00267517
  0.00064894
  0.00102879
  0.00139620
  0.00160615
  0.00109733
  0.00218491
  0.00163249
  0.00209474
  0.00190923
  0.00189251
  0.00182395
  0.00234772
  0.00103687
  0.00179920
  0.00168585
  0.00142031
  0.00221289
  0.00144867
  0.00134674
  0.00192951
  0.00157236
  0.00197309
  0.00149026
  0.00317765
  0.00215755
  0.00144111
  0.00099982
  0.00165093
  0.00096449
  0.00108456
  0.00239097
  0.00241170
  0.00177451
  0.00186410
  0.00122925
  0.00172262
  0.00251124
  0.00114093
  0.00127654
  0.00259033
  0.00263781
  0.00257969
  0.00136573
  0.00299854
  0.00170074
  0.00184694
  0.00214682
  0.00075747
  0.00147895
  0.00172523
  0.00079810
  0.00241086
  0.00154495
  0.00178266
  0.00156631
  0.00167836
  0.00276545
  0.00250625
  0.00144065
  0.00144647
  0.00228793
  0.00111171
  0.00258994
  0.00145725
  0.00163628
  0.00112948
  0.00151242
  0.00273449
  0.00143361
  0.00467535
  0.00095445
  0.00182702
  0.00264489
  0.00168193
  0.00173462
  0.00114567
  0.00269622
  0.00167053
  0.00165642
  0.00124515
  0.00236927
  0.00140626
  0.00154688
  0.00127393
  0.00217988
  0.00116205
  0.00217578
  0.00192997
  0.00138552
  0.00243111
  0.00154100
  0.00176459
  0.00181915
  0.00242224
  0.00126396
  0.00097678
  0.00201014
  0.00163606
  0.00381791
  0.00146108
  0.00123406
  0.00145667
  0.00126143
  0.00280358
  0.00132268
  0.00204655
  0.00144189
  0.00147204
  0.00115555
  0.00183719
  0.00216697
  0.00186364
  0.00157237
  0.00184867
  0.00196311
  0.00217731
  0.00201474
  0.00177156
  0.00205859
  0.00092746
  0.00122202
  0.00221454
  0.00195539
  0.00210475
  0.00116972
  0.00182952
  0.00144229
  0.00114608
  0.00140324
  0.00085608
  0.00169556
  0.00135009
  0.00219095
  0.00336198
  0.00202592
  0.00128234
  0.00286393
  0.00172779
  0.00259402
  0.00193391
  0.00237753
  0.00307677
  0.00154528
  0.00190758
  0.00200240
  0.00137211
  0.00131538
  0.00222100
  0.00180371
  0.00111222
  0.00215495
  0.00122594
  0.00200730
  0.00151402
  0.00258129
  0.00185369
  0.00229620
  0.00121880
  0.00258673
  0.00100034
  0.00142512
  0.00241968
  0.00187288
  0.00252239
  0.00240791
  0.00157265
  0.00116214
  0.00106212
  0.00214900
  0.00211352
  0.00261682
  0.00244697
  0.00209971
  0.00162405
  0.00137351
  0.00161450
  0.00128733
  0.00102746
  0.00326477
  0.00179976
  0.00197004
  0.00204013
  0.00137900
  0.00107974
  0.00075367
  0.00281375
  0.00092137
  0.00089916
  0.00160589
  0.00227827
  0.00223363
  0.00252598
  0.00213132
  0.00220959
  0.00197802
  0.00150011
  0.00172181
  0.00167117
  0.00158241
  0.00137060
  0.00245137
  0.00186417
  0.00127120
  0.00252068
  0.00134531
  0.00280863
  0.00129830
  0.00199776
  0.00102573
  0.00197458
  0.00304821
  0.00157839
  0.00109106
  0.00161594
  0.00144458
  0.00110821
  0.00180658
  0.00169000
  0.00155806
  0.00118025
  0.00162237
  0.00180121
  0.00132361
  0.00111583
  0.00089105
  0.00218499
  0.00144947
  0.00369331
  0.00165026
  0.00166736
  0.00222531
  0.00130745
  0.00250769
  0.00163819
  0.00193621
  0.00227773
  0.00227485
  0.00090660
  0.00094912
  0.00112733
  0.00127603
  0.00167187
  0.00197630
  0.00162216
  0.00218896
  0.00147316
  0.00198429
  0.00252340
  0.00145992
  0.00252753
  0.00184723
  0.00145007
  0.00124614
  0.00208655
  0.00253818
  0.00214842
  0.00230364
  0.00106642
  0.00196097
  0.00343892
  0.00121789
  0.00190905
  0.00103615
  0.00143131
  0.00218163
  0.00209999
  0.00112361
  0.00245875
  0.00087648
  0.00128502
  0.00170384
  0.00181046
  0.00210101
  0.00151660
  0.00108338
  0.00201557
  0.00230487
  0.00139342
  0.00122528
  0.00247076
  0.00122282
  0.00262176
  0.00141197
  0.00159227
  0.00172828
  0.00158737
  0.00141927
  0.00310600
  0.00158215
  0.00130722
  0.00144957
  0.00217176
  0.00308498
  0.00236906
  0.00263061
  0.00143823
  0.00212691
  0.00165377
  0.00172751
  0.00195790
  0.00348166
  0.00114838
  0.00148317
  0.00195600
  0.00235355
  0.00153787
  0.00260599
  0.00180322
  0.00131423
  0.00363342
  0.00150469
  0.00189065
  0.00204053
  0.00157027
  0.00193105
  0.00177484
  0.00193856
  0.00140007
  0.00296203
  0.00181147
  0.00126345
  0.00186320
  0.00173330
  0.00262768
  0.00187862
  0.00250285
  0.00147512
  0.00246214
  0.00136750
  0.00174262
  0.00118184
  0.00159433
  0.00143660
  0.00238588
  0.00252207
  0.00108336
  0.00159489
  0.00184814
  0.00224012
  0.00243148
  0.00130181
  0.00222788
  0.00148134
  0.00141654
  0.00171290
  0.00180923
  0.00201103
  0.00108699
  0.00129511
  0.00166866
  0.00202267
  0.00229797
  0.00243092
  0.00112487
  0.00149476
  0.00145907
  0.00159856
  0.00212588
  0.00142695
  0.00125883
  0.00121918
  0.00192891
  0.00160896
  0.00210885
  0.00307464
  0.00235357
  0.00174512
  0.00439658
  0.00177998
  0.00100463
  0.00158700
  0.00100165
  0.00143128
  0.00137631
  0.00200903
  0.00180028
  0.00183610
  0.00131534
  0.00066286
  0.00189023
  0.00121542
  0.00222485
  0.00219577
  0.00161779
  0.00239451
  0.00132601
  0.00175259
  0.00168245
  0.00151427
  0.00105420
  0.00066165
  0.00221081
  0.00204958
  0.00177909
  0.00264210
  0.00218409
  0.00112083
  0.00143564
  0.00187739
  0.00243482
  0.00220223
  0.00172013
  0.00289659
  0.00136152
  0.00178656
  0.00129824
  0.00210387
  0.00267948
  0.00167290
  0.00287674
  0.00224569
  0.00203591
  0.00267157
  0.00087934
  0.00222329
  0.00215063
  0.00193469
  0.00174093
  0.00187318
  0.00209881
  0.00161250
  0.00276536
  0.00115201
  0.00242662
  0.00163045
  0.00103617
  0.00146042
  0.00184356
  0.00177274
  0.00197796
  0.00167648
  0.00103356
  0.00131421
  0.00245003
  0.00197747
  0.00146453
  0.00093966
  0.00122679
  0.00234966
  0.00183568
  0.00272424
  0.00132160
  0.00171656
  0.00179439
  0.00210851
  0.00200652
  0.00181061
  0.00134869
  0.00160280
  0.00171919
  0.00235442
  0.00135537
  0.00224609
  0.00192051
  0.00177928
  0.00103311
  0.00092598
  0.00192106
  0.00222865
  0.00286952
  0.00135531
  0.00300851
  0.00159949
  0.00167324
  0.00278278
  0.00170546
  0.00293599
  0.00194255
  0.00295752
  0.00109150
  0.00149729
  0.00116564
  0.00292455
  0.00175900
  0.00151794
  0.00192231
  0.00200430
  0.00149933
  0.00222210
  0.00156500
  0.00181602
  0.00259099
  0.00276397
  0.00278967
  0.00158357
  0.00224849
  0.00335278
  0.00172194
  0.00205925
  0.00222391
  0.00171640
  0.00140450
  0.00129439
  0.00196994
  0.00203515
  0.00110681
  0.00211184
  0.00166639
  0.00129461
  0.00086228
  0.00213443
  0.00157508
  0.00196026
  0.00303193
  0.00174114
  0.00193229
  0.00110161
  0.00237645
  0.00239282
  0.00185903
  0.00257520
  0.00206318
  0.00065980
  0.00278607
  0.00153956
  0.00188267
  0.00143528
  0.00154383
  0.00077055
  0.00147098
  0.00129803
  0.00133997
  0.00089565
  0.00151278
  0.00184636
  0.00134697
  0.00142315
  0.00215881
  0.00167689
  0.00195249
  0.00100447
  0.00187436
  0.00105641
  0.00155926
  0.00135993
  0.00171592
  0.00228201
  0.00176535
  0.00255306
  0.00201803
  0.00240902
  0.00171967
  0.00129390
  0.00195536
  0.00223440
  0.00205834
  0.00129344
  0.00215942
  0.00128788
  0.00256828
  0.00254539
  0.00173796
  0.00222534
  0.00182068
  0.00320820
  0.00255412
  0.00198303
  0.00155912
  0.00128761
  0.00188716
  0.00145664
  0.00195406
  0.00141138
  0.00179422
  0.00226178
  0.00277311
  0.00135922
  0.00222199
  0.00269154
  0.00227678
  0.00154857
  0.00277739
  0.00241261
  0.00255800
  0.00143983
  0.00156115
  0.00216501
  0.00250845
  0.00245595
  0.00125162
  0.00227602
  0.00190176
  0.00140957
  0.00147796
  0.00207992
  0.00101617
  0.00211786
  0.00115712
  0.00240344
  0.00209697
  0.00150947
  0.00285196
  0.00198206
  0.00131948
  0.00184999
  0.00192541
  0.00174204
  0.00153453
  0.00184326
  0.00212909
  0.00129714
  0.00114331
  0.00248651
  0.00339144
  0.00209841
  0.00243842
  0.00161258
  0.00123200
  0.00221112
  0.00236002
  0.00130135
  0.00130208
  0.00196386
  0.00246147
  0.00114059
  0.00141428
  0.00169025
  0.00146867
  0.00131680
  0.00251906
  0.00179016
  0.00261609
  0.00217126
  0.00154565
  0.00144824
  0.00165057
  0.00213366
  0.00199693
  0.00132171
  0.00258532
  0.00137542
  0.00156216
  0.00211036
  0.00094371
  0.00203586
  0.00190411
  0.00297158
  0.00293291
  0.00222774
  0.00219345
  0.00141239
  0.00256553
  0.00191217
  0.00147135
  0.00201130
  0.00259288
  0.00163296
  0.00143123
  0.00239794
  0.00125874
  0.00298626
  0.00182856
  0.00140676
  0.00111624
  0.00236326
  0.00184081
  0.00149883
  0.00177829
  0.00174046
  0.00120809
  0.00239581
  0.00140173
  0.00159650
  0.00234004
  0.00206202
  0.00284921
  0.00157443
  0.00292264
  0.00279783
  0.00176048
  0.00345799
  0.00136422
  0.00173469
  0.00165643
  0.00144531
  0.00226728
  0.00142469
  0.00199357
  0.00152687
  0.00225818
  0.00143558
  0.00197700
  0.00195293
  0.00193578
  0.00221266
  0.00192262
  0.00246864
  0.00170587
  0.00120089
  0.00200262
  0.00169906
  0.00234450
  0.00197355
  0.00202569
  0.00214377
  0.00219970
  0.00156138
  0.00285059
  0.00152216
  0.00092223
  0.00152378
  0.00175248
  0.00182860
  0.00198941
  0.00219887
  0.00186932
  0.00153264
  0.00131632
  0.00143985
  0.00286566
  0.00239126
  0.00167188
  0.00241139
  0.00285492
  0.00189708
  0.00244148
  0.00180431
  0.00268649
  0.00153796
  0.00162219
  0.00333417
  0.00156139
  0.00221178
  0.00247312
  0.00223631
  0.00254681
  0.00281860
  0.00154414
  0.00140330
  0.00236087
  0.00149413
  0.00156326
  0.00174614
  0.00149763
  0.00147139
  0.00113982
  0.00243806
  0.00207363
  0.00157748
  0.00232328
  0.00143205
  0.00205602
  0.00340425
  0.00150406
  0.00209926
  0.00152078
  0.00303596
  0.00139892
  0.00141486
  0.00144415
  0.00244931
  0.00231296
  0.00297771
  0.00176899
  0.00162569
  0.00178526
  0.00114861
  0.00239138
  0.00131462
  0.00234932
  0.00109243
  0.00202003
  0.00124384
  0.00236376
  0.00307619
  0.00255925
  0.00136597
  0.00155107
  0.00328120
  0.00201663
  0.00130090
  0.00126400
  0.00233710
  0.00218093
  0.00144002
  0.00166134
  0.00172671
  0.00282852
  0.00154529
  0.00176754
  0.00136011
  0.00218135
  0.00189743
  0.00223816
  0.00224643
  0.00170458
  0.00240392
  0.00255132
  0.00156816
  0.00271784
  0.00127457
  0.00188592
  0.00196078
  0.00133228
  0.00214106
  0.00136546
  0.00113458
  0.00237775
  0.00233589
  0.00166147
  0.00273824
  0.00292022
  0.00197556
  0.00181652
  0.00196080
  0.00137124
  0.00118895
  0.00205552
  0.00181935
  0.00193659
  0.00208228
  0.00128463
  0.00143081
  0.00204414
  0.00217650
  0.00153336
  0.00177972
  0.00153591
  0.00249031
  0.00111150
  0.00123091
  0.00203262
  0.00267257
  0.00145538
  0.00189578
  0.00163972
  0.00160667
  0.00218216
  0.00153215
  0.00217750
  0.00122858
  0.00183787
  0.00171149
  0.00216559
  0.00152142
  0.00233570
  0.00239536
  0.00266898
  0.00077893
  0.00138985
  0.00171820
  0.00126070
  0.00072832
  0.00170984
  0.00249477
  0.00183045
  0.00154544
  0.00253799
  0.00334100
  0.00217835
  0.00139206
  0.00227194
  0.00180105
  0.00308041
  0.00234066
  0.00253458
  0.00223868
  0.00231211
  0.00119406
  0.00320471
  0.00191186
  0.00195731
  0.00127740
  0.00143009
  0.00132040
  0.00114681
  0.00151687
  0.00338678
  0.00370448
  0.00220752
  0.00301126
  0.00148336
  0.00255215
  0.00217088
  0.00288267
  0.00106622
  0.00114296
  0.00133030
  0.00131560
  0.00214498
  0.00155921
  0.00233459
  0.00160174
  0.00155107
  0.00179911
  0.00119700
  0.00275539
  0.00213705
  0.00261236
  0.00144594
  0.00165851
  0.00228450
  0.00141811
  0.00212991
  0.00125042
  0.00172640
  0.00143028
  0.00156281
  0.00132314
  0.00159945
  0.00296801
  0.00263685
  0.00226295
  0.00266739
  0.00316537
  0.00135780
  0.00164523
  0.00133834
  0.00191633
  0.00199810
  0.00199350
  0.00207091
  0.00257085
  0.00239793
  0.00188722
  0.00205485
  0.00158615
  0.00143751
  0.00248226
  0.00154749
  0.00335907
  0.00199589
  0.00129511
  0.00162816
  0.00186233
  0.00265915
  0.00236736
  0.00185121
  0.00193712
  0.00084133
  0.00171169
  0.00185199
  0.00202774
  0.00190283
  0.00117814
  0.00157706
  0.00204475
  0.00190550
  0.00112205
  0.00207569
  0.00193131
  0.00051414
  0.00272067
  0.00187642
  0.00129625
  0.00227572
  0.00330609
  0.00251655
  0.00134106
  0.00265083
  0.00186324
  0.00308541
  0.00138262
  0.00128932
  0.00366165
  0.00209643
  0.00214358
  0.00086422
  0.00222709
  0.00303933
  0.00260292
  0.00280514
  0.00222823
  0.00223931
  0.00148478
  0.00181489
  0.00183792
  0.00237028
  0.00235047
  0.00279826
  0.00196147
  0.00403628
  0.00156764
  0.00142805
  0.00136564
  0.00159522
  0.00224543
  0.00197526
  0.00197952
  0.00183738
  0.00155785
  0.00267422
  0.00211994
  0.00234223
  0.00247288
  0.00244078
  0.00290270
  0.00156146
  0.00183667
  0.00203560
  0.00212293
  0.00177013
  0.00226710
  0.00187356
  0.00175873
  0.00237027
  0.00110357
  0.00165558
  0.00217350
  0.00224458
  0.00142721
  0.00348141
  0.00194685
  0.00184515
  0.00213766
  0.00192671
  0.00182550
  0.00246762
  0.00278989
  0.00171359
  0.00234653
  0.00279765
  0.00239571
  0.00213176
  0.00144241
  0.00217005
  0.00116063
  0.00156096
  0.00181493
  0.00174346
  0.00179584
  0.00153378
  0.00189377
  0.00185826
  0.00109890
  0.00160173
  0.00092923
  0.00156711
  0.00184585
  0.00275252
  0.00150766
  0.00145293
  0.00183423
  0.00166192
  0.00239015
  0.00167444
  0.00197291
  0.00195628
  0.00240917
  0.00156700
  0.00146527
  0.00255564
  0.00190491
  0.00160929
  0.00244301
  0.00302138
  0.00170265
  0.00307457
  0.00147183
  0.00267498
  0.00192997
  0.00199392
  0.00101888
  0.00189263
  0.00105110
  0.00229463
  0.00199721
  0.00230882
  0.00117154
  0.00142596
  0.00175199
  0.00307538
  0.00212732
  0.00267977
  0.00253421
  0.00272709
  0.00286486
  0.00123727
  0.00241804
  0.00106735
  0.00167435
  0.00212795
  0.00299208
  0.00147774
  0.00207786
  0.00227537
  0.00120124
  0.00135631
  0.00141242
  0.00284636
  0.00176097
  0.00074083
  0.00250798
  0.00182320
  0.00191678
  0.00189153
  0.00215930
  0.00123449
  0.00117041
  0.00261452
  0.00232853
  0.00156995
  0.00281931
  0.00306460
  0.00151063
  0.00164945
  0.00155027
  0.00223491
  0.00266932
  0.00207691
  0.00204732
  0.00162304
  0.00184547
  0.00151564
  0.00117599
  0.00230863
  0.00116439
  0.00123531
  0.00082659
  0.00191854
  0.00165013
  0.00139908
  0.00229668
  0.00129805
  0.00278279
  0.00284175
  0.00251138
  0.00170002
  0.00128842
  0.00131752
  0.00129111
  0.00153731
  0.00190936
  0.00127885
  0.00160826
  0.00194540
  0.00261590
  0.00194131
  0.00152539
  0.00164530
  0.00224458
  0.00222454
  0.00189467
  0.00265290
  0.00255996
  0.00180583
  0.00172710
  0.00156266
  0.00192041
  0.00159609
  0.00209560
  0.00187615
  0.00260083
  0.00277767
  0.00118505
  0.00178487
  0.00163217
  0.00160402
  0.00181932
  0.00162350
  0.00255095
  0.00177195
  0.00309649
  0.00273866
  0.00251352
  0.00154796
  0.00229090
  0.00197227
  0.00127258
  0.00143926
  0.00167067
  0.00195059
  0.00085340
  0.00274153
  0.00170075
  0.00112350
  0.00211695
  0.00131808
  0.00210538
  0.00193501
  0.00227519
  0.00165859
  0.00306422
  0.00197241
  0.00211878
  0.00199796
  0.00072853
  0.00246562
  0.00175276
  0.00107561
  0.00162565
  0.00164530
  0.00168899
  0.00142191
  0.00266686
  0.00133130
  0.00166765
  0.00231153
  0.00162604
